8 7013 8824 6953 2739 7808 1914 5587 3370 
11 1135 8596 6668 7751 7131 5777 6772 8439 1718 2829 1770 
6 8773 6517 3559 100 3556 58 
11 7468 3207 17 8487 5901 345 9308 8627 547 9114 5268 
3 2384 978 4147 
13 3654 2939 6285 6137 1069 954 7843 2547 6736 2799 3893 956 1349 
11 7227 8047 8954 3707 9570 3096 9641 7611 5737 9233 6928 
7 9121 773 3776 3395 1145 4099 9610 
16 2418 5067 9070 154 4707 1589 1687 8655 9242 8896 6757 1059 7238 7717 5613 197 
9 8227 3638 1536 4357 4009 4075 4478 8032 9841 
12 6252 1339 932 1189 9185 542 8387 1850 9263 7938 6888 2906 
12 719 4006 5578 4921 9926 7313 9224 9039 245 5031 467 168 
5 8670 6753 7719 335 4461 
13 2176 4818 8364 5263 2801 2205 857 1963 2174 6328 2601 4574 5345 
8 7716 9723 7641 9237 7039 4276 4608 1799 
23 563 1067 2502 6624 9034 8717 4324 2522 8874 8543 52 2505 4445 9095 2275 7225 7569 9239 5195 8146 5805 2245 3183 
16 3647 2445 2769 960 2086 5560 3763 3683 555 453 2490 8103 8873 1920 133 6489 
26 4679 8968 5325 4157 9834 3264 3971 4178 5512 5109 3369 9669 2956 1581 6097 9797 9825 2117 5656 8211 8865 8005 4879 8706 2435 8811 
6 1178 8563 2049 7661 4724 447 
4 8890 7632 6684 3254 
15 7109 1146 1284 2186 9116 3009 4770 4134 8248 4861 7369 2078 8924 616 5574 
14 3696 2758 6349 6082 5760 7923 4859 280 72 5099 246 87 2221 3834 
18 7948 7376 1123 4728 8601 8855 1008 8898 8802 2770 1158 3335 7148 8854 1222 5442 5853 6054 
14 9550 3729 923 8973 2834 9426 5349 6726 4014 9692 2163 1520 4290 6845 
8 3578 6527 4603 540 8864 787 8403 7812 
8 6321 8727 2548 4271 1798 3673 2443 727 
11 6039 1000 6101 8273 6345 8361 6037 309 3561 4217 1139 
18 6031 7684 2265 6582 4183 2542 7431 3532 8789 2813 9023 7894 7508 2700 8480 8399 1884 1907 
10 6403 9044 3870 9337 6871 5945 1223 838 7570 1943 
7 4829 5071 5157 6828 3126 111 347 
19 7913 2288 9451 1359 1300 1073 8407 8283 2817 6637 3664 6553 9956 8369 572 3505 2451 811 1045 
12 5991 9360 9189 4079 3770 8695 5521 4497 5938 4354 5155 6415 
16 2015 1159 9609 4585 7047 6829 5852 2900 5759 8315 2010 8255 8261 5522 5685 8161 
6 3321 7678 1722 8252 7456 5464 
13 8758 1529 9530 5103 3589 1398 2319 8079 5501 1658 8671 7106 8333 
17 311 5553 1022 9699 5028 3069 4236 6271 3574 527 9884 4216 7824 4806 7043 1505 9161 
10 7325 2951 8135 9593 6800 2388 2291 5958 575 5182 
12 9913 4070 6834 2264 7307 803 9031 491 1110 2734 6047 7541 
15 9459 2669 5614 5528 9876 659 8616 9905 2398 887 4392 2992 5033 7409 4159 
10 2736 8994 1004 4754 4422 6931 383 2843 3553 7676 
17 1105 6190 5953 2482 4347 6172 7765 356 406 9623 7132 1076 8983 6732 2953 9285 5657 
15 8878 7284 4417 8516 8922 7256 6331 6796 1063 8814 3937 3780 2267 5789 9538 
18 3202 9921 4432 5125 9526 404 5309 9101 6577 9435 483 6534 5936 2274 2567 5314 338 9816 
3 8184 7206 5174 
26 8578 4528 4181 6322 6314 5545 3626 9141 3695 5774 9118 3734 6905 9111 9446 3535 3610 665 8446 9761 7838 2464 7269 7422 1774 8754 
16 9449 1319 6143 1836 2707 2862 9510 6176 5715 5942 1166 2220 8556 6024 9371 2348 
20 5649 492 8231 3875 7178 9982 4850 4186 4920 3862 6027 9769 5798 7603 5966 4130 2160 796 9775 2781 
8 3358 4557 7092 9762 1557 7646 6425 8311 
11 8967 1190 7560 8066 6196 5209 223 3691 3440 6280 49 
16 8965 9868 7139 7171 721 8876 4725 9007 1540 2444 8499 296 3052 1476 1859 9018 
19 3708 1626 8332 3880 8075 3332 1769 9683 4827 4187 1552 7027 4756 213 2236 8741 4248 2685 420 
13 1563 4588 2448 5965 3299 6163 3666 3675 2958 6760 6640 3328 6967 
21 549 8149 7585 4107 8110 5952 353 8237 6868 4483 1093 7852 5511 1196 3854 5611 6673 8636 3418 1268 5869 
27 4948 6004 1054 9071 8111 7519 1049 4968 5599 7017 6595 5173 5100 4334 2217 1311 5076 5244 2427 7786 1616 1953 2033 4045 4508 1211 5308 
19 7862 233 2177 1327 3514 8693 2145 5839 7292 1604 1057 7774 9437 7531 5701 9169 8388 1242 8096 
10 4644 8719 9359 2532 9562 2521 3956 5132 1058 5092 
24 2735 8071 4811 6096 4116 5926 6623 5755 8981 2475 2040 3935 6739 1498 4522 3948 6195 6162 5051 7514 6201 7418 3678 2146 
7 1192 1344 4128 391 7124 8635 4331 
11 5480 2620 183 7967 9370 28 9680 8575 6532 2253 7656 
24 3090 2278 902 9030 2981 1956 2337 8808 2227 4057 8294 4771 9646 9506 74 2363 3665 8530 9126 3234 8853 5754 5469 6268 
22 768 8303 3809 6559 5596 6153 7149 9611 9181 4847 289 3198 9193 9498 2232 2971 4458 1827 2385 779 9887 2818 
34 3580 9935 9412 1221 9625 9180 7203 189 9624 8334 9231 9933 2416 5197 3835 9294 9891 4040 7828 9677 2360 6472 9151 1975 4171 4976 3901 7175 9149 4841 2260 8193 517 1544 
11 7575 9515 5492 6971 5040 5959 2256 316 2877 6788 8432 
17 9927 5891 3897 7900 5804 8917 5581 3930 110 7995 6827 4688 9440 5496 4330 6711 7381 
4 6912 3560 2913 6700 
33 1776 3236 3160 3461 7430 656 982 1487 2128 2121 624 6129 3330 1764 8837 3742 532 737 6487 2746 6423 8956 5700 7382 8688 5357 1041 7832 5546 3902 2626 7823 4199 
35 7957 1883 3384 3317 4686 3453 7364 7555 2702 9659 9658 9055 631 1849 4427 6417 3887 5931 6524 7163 2955 2628 7385 4403 6707 2340 715 7336 8887 5681 1361 3212 901 5305 593 
32 5934 9090 6068 2539 5699 7668 6133 1433 8598 693 2499 5828 5190 5823 7288 4820 7918 9700 2586 9719 9077 6435 8776 458 8106 4667 2027 8647 3982 6731 2194 5420 
37 3055 1113 2975 533 5668 9620 8785 4503 2359 9372 8623 1321 9124 5414 828 7601 390 4642 2350 573 5822 5449 8168 4545 1388 4865 1393 169 5251 4336 2952 2150 6290 4018 9142 8920 1826 
34 1560 7198 8203 1804 2825 5557 3469 9143 5176 2923 2364 9755 6309 7706 1126 1085 8538 7789 794 465 5032 4876 8799 2042 9915 1840 256 118 6237 4484 4265 2062 4715 1308 
18 2573 5821 5203 6092 8644 7485 9604 1611 5392 5514 7634 5735 8551 2613 8597 8847 8733 3373 
31 4058 2233 5295 9657 9341 2406 2760 2037 1781 9732 1056 8276 6015 4779 1086 6388 2618 9391 3219 1753 407 1796 9728 2285 5383 8649 9778 3520 8617 3376 4668 
18 2297 1555 7713 2266 2028 9694 3285 2017 9032 1197 2374 4923 5488 523 1639 8287 761 4797 
18 1209 3362 1140 2463 302 2597 4360 3663 3079 3581 1957 1380 1409 8485 4703 1133 2514 8502 
12 4758 3936 8000 2209 9362 2832 2584 2254 7371 7583 3343 2279 
20 3608 5478 3791 3350 3266 9551 410 5175 8969 4864 6219 2897 3884 6882 5605 9429 2331 6944 9167 3900 
38 5018 4098 4428 4624 4705 4481 8665 3345 550 7630 7094 4915 3736 6687 7623 6936 8666 6300 8701 1805 7834 5123 3270 7260 2273 4726 826 1053 4151 2976 8396 6809 7562 5323 1232 6803 6504 462 
18 666 7909 8490 8222 5459 1373 6587 2732 9383 4118 4990 5201 4195 3501 7769 3283 859 90 
39 7929 8783 5654 2566 9353 3615 8615 9836 9687 7488 6262 8200 9798 5066 5327 5960 4977 7996 7390 2544 6444 8444 6641 7549 95 8036 648 5145 5249 8217 1989 4628 7400 8030 6494 2309 2493 357 2101 
34 8292 4984 2230 935 3232 4819 3496 7392 8437 6509 3213 2342 14 191 360 4700 1095 7011 2868 7721 3769 8781 1310 7868 6701 571 3488 6394 9712 3185 860 6996 2107 5817 
22 1273 8787 2523 498 4029 9576 454 6960 7264 8241 5722 1985 5115 9205 7966 5694 6968 6421 8042 3412 1759 4620 
13 2519 9483 766 2131 3128 931 5904 2753 63 3597 1293 8051 9144 
33 1867 6767 4836 5437 3211 5610 8958 1486 1976 2481 9986 1014 5286 8053 9206 9326 9472 292 2185 5878 5353 4278 7474 261 4104 9356 9269 9098 7573 9443 5663 4834 4055 
17 6466 7779 180 3750 2565 3495 3344 795 4396 2839 5058 6215 4816 5651 6939 9201 5154 
28 9313 2531 5875 1970 1252 7019 2966 425 4121 2546 7520 8975 3252 8959 4479 8866 4197 2530 7796 2312 8461 2676 6254 5680 1108 5943 9352 8011 
32 5970 4882 2942 209 8614 7534 9822 7940 6880 1289 4500 6145 4401 1367 4142 6978 3928 3819 2878 6275 2621 2025 655 5121 4302 1266 339 9397 5356 8714 877 4579 
31 6822 3527 2106 6951 2031 4914 5382 5635 216 1132 1371 7767 8929 9764 6603 5571 1174 949 6892 1916 841 8305 8116 4858 5477 6175 7261 2705 5258 1578 5998 
32 9563 1170 1852 318 3119 1422 5684 9513 4204 614 7978 2936 5053 750 3023 5493 579 6074 7986 5607 9279 401 4746 959 3118 4663 7961 9210 7263 937 7504 9215 
9 6377 9803 451 8263 861 4755 7860 2568 7351 
9 4309 4352 6686 1320 7138 5600 7026 4804 8763 
22 5324 1879 9137 8902 908 7362 9831 8039 6874 4424 8428 1360 4384 1276 238 9017 4007 30 9782 1733 4597 6859 
26 2465 9207 3596 2335 7446 9654 8609 9833 2192 7080 641 1064 6246 1193 1741 9063 6667 7624 6619 1602 8393 8090 7998 1824 1752 2938 
34 6381 5858 7117 435 6012 415 5603 7078 777 2063 7635 813 7367 1481 488 9878 6127 3224 5230 5499 9315 6210 4866 603 1750 7819 3353 7608 4473 5741 9722 8415 2752 3606 
28 4078 6502 2791 5540 507 6463 5883 5625 8349 3184 5788 980 8542 4351 2048 1012 8766 2927 8791 2504 4370 4596 8689 3545 3247 9950 6025 3467 
12 5983 9910 3286 9293 1648 6719 2743 2215 6519 2286 8007 3267 
38 187 3655 2422 6003 780 9557 5674 5374 4971 3432 7749 1882 7536 9211 1712 2070 3206 5949 2773 464 1519 4041 5104 77 170 4790 9758 8925 9432 6316 1410 8645 5163 9630 6542 8567 7076 7893 
34 6663 2507 627 2957 7255 9042 4595 2173 1282 4072 6085 1342 3973 4727 7218 6291 3927 4069 3762 9499 479 8952 3269 7310 9420 9120 9794 4560 5768 5097 1622 3194 5318 5290 
20 3147 4646 1452 7212 2224 9051 3789 2068 3383 5183 300 5695 7244 4277 7629 9311 4318 8656 4283 7763 
10 2718 6018 5081 5004 3378 8750 5105 4400 7441 3784 
21 7657 3409 3424 5748 4838 4604 101 4034 6702 8466 4067 7905 1203 6253 7179 6098 3480 2218 8280 5407 5315 
36 7070 2313 8848 6804 4720 4782 3414 3802 3952 6121 6769 3161 558 5834 4231 8156 8641 7597 7160 1653 8710 3846 7991 8691 5797 9175 6639 6026 2558 4541 51 1379 279 5256 3639 3037 
33 3629 9698 9452 332 5156 645 8996 4074 1394 3828 2263 9653 3387 6427 3957 329 3284 5682 5791 2124 4551 91 7035 7982 7649 3538 649 9228 4982 2643 503 4641 2404 
36 4525 8189 7768 6567 9751 8259 8667 3210 8534 6602 7153 6894 3166 393 9608 8126 1115 9281 8423 5592 6749 7144 4869 3305 7326 4732 416 7454 8749 1846 7197 6048 7539 5204 9188 8512 
35 4435 1784 1984 3024 8574 7000 8035 9158 7729 4496 3216 742 6225 7747 2003 7744 6631 6465 5825 7304 7783 4327 6488 9112 5002 342 7093 7341 8514 3109 283 7276 7897 266 619 
33 1040 8736 842 6410 6563 208 9645 3694 4012 1525 2004 9588 1703 6355 207 6065 7235 9898 2540 6433 3636 3500 5289 5588 6929 3018 5386 7262 466 9729 2197 215 5752 
19 4839 1208 5513 9525 9010 6295 7845 2945 9194 6811 778 5228 1247 6174 4050 3550 9984 5925 9085 
38 6670 3245 7451 9627 8915 3191 5678 2473 636 5864 2478 4925 7071 80 9338 2993 3280 455 6955 4488 5046 7530 833 9948 591 1482 6915 646 5396 5252 5558 2295 6395 4188 5927 9262 3361 6945 
22 6689 4467 3709 5334 1277 4621 4222 4037 987 6151 1571 531 6570 1440 1171 692 4519 7745 2170 6737 4978 7619 
22 88 3291 3824 1087 3914 4741 7907 4246 5849 974 3174 6166 7651 4423 2362 840 5184 9425 8267 463 5087 8381 
38 1757 4056 8586 4233 7372 5816 6523 7448 3122 8244 3534 5810 9092 6325 4022 9540 3700 6323 4568 8221 1080 3007 3070 1210 4904 1649 6533 7473 1220 4126 1596 8205 7895 7098 6461 4350 1603 7298 
15 474 4048 5059 2439 1270 4884 7034 6791 4305 9050 8176 1248 1997 6709 136 
20 3607 6900 1381 5742 5020 4393 7866 3157 9582 3590 9416 7914 6681 2494 1454 2965 2219 2447 3950 611 
35 1992 3990 2511 1218 1628 1460 5914 613 3503 2894 7242 9713 1213 1180 556 7606 8540 9227 8212 2578 6789 9776 1810 8225 1256 1910 5992 7 7734 8960 5206 2919 4616 8970 1334 
38 3371 7687 5500 6192 4980 856 633 8094 8851 6041 6389 2777 8828 2872 205 220 7954 8522 3113 4983 7992 4341 9476 8219 4721 5786 56 5050 2262 7465 4609 227 9892 1038 8889 2189 8475 3006 
31 423 9291 739 8715 8040 439 5662 5913 408 7194 9456 5763 6075 8619 7836 6911 9304 2450 2005 8081 3306 2069 9854 2390 5367 505 5405 6873 4550 740 9779 
29 2247 9402 3067 1121 1260 4003 6591 8433 1374 7443 250 6934 6034 4064 9937 2681 2640 6458 192 9074 6612 4878 123 6975 2239 4498 637 4713 1974 
38 9847 3049 3951 1588 2216 7190 6580 7633 6248 8904 7650 155 7930 3634 2759 5215 4967 1341 5745 5855 6919 3866 9838 9190 3010 9241 3876 6839 1404 4397 907 848 4623 184 2041 260 8859 6130 
17 7804 4325 8235 6770 6986 5659 9460 8321 5057 9117 7461 38 8491 7231 2030 4821 5483 
17 606 6879 8402 5616 340 2846 6714 4163 2501 4489 5770 5928 3822 7024 647 2943 4833 
30 8175 4475 5954 4202 5650 4636 1037 7854 6972 5736 6365 9461 2890 4987 177 8993 9785 6497 1717 5880 7694 7644 9931 3123 5388 9060 4117 929 8594 7801 
32 303 3257 9385 8173 7732 6962 6114 946 3438 9509 8389 5141 9555 1939 8265 9906 252 8400 9106 9789 695 2994 430 4267 3674 6688 381 1357 370 570 8408 7077 
31 3549 554 400 5541 950 2663 3530 5815 8064 5573 644 2554 9275 9414 4378 6579 1532 8314 868 9096 8324 8533 1457 8044 9041 2255 5765 7598 1264 5022 2120 
32 9752 4877 3196 8274 9487 9512 8187 6247 8895 9049 4337 6212 9909 8877 142 7161 9928 2321 7423 2807 1686 103 6288 9075 9800 1122 9395 2129 2153 1716 6344 4895 
26 2061 8458 4112 7557 9743 4645 9647 4249 8599 6499 807 7882 9434 1681 4165 2169 882 8363 6854 7033 3920 4296 7908 3704 8492 8134 
27 6412 6139 4959 4184 7662 7147 9642 2594 1304 3656 9566 6267 4010 6844 4607 7361 1348 924 2638 6660 5922 3725 8130 9094 1370 4769 3909 
31 4071 8489 7224 6942 3544 3778 5298 2630 3173 6540 5498 3504 2629 9266 7524 7042 7358 4817 7728 5236 4395 1469 9378 7222 7306 916 2652 1164 5564 414 6368 
34 9679 3667 2512 5369 1186 146 7068 285 2729 928 2678 3552 9580 8503 535 1788 8870 1185 6091 2733 7935 6758 7853 1324 1897 534 3744 2723 3203 6708 3851 8436 198 9424 
18 9619 4717 3088 7899 694 4749 6303 4981 1617 8496 9534 1329 8579 4258 8392 1502 8117 2727 
19 8711 6610 3705 3955 5723 9706 1584 4960 5671 2831 5267 7825 2744 5490 2119 7002 4849 5713 7695 
13 2883 7444 9693 3755 2116 1566 3970 5601 5647 185 1368 6930 7670 
39 8731 6654 945 277 8835 9705 3783 657 5724 3731 8843 8987 8009 6264 4439 2092 6720 2795 756 8078 8137 5390 2610 478 4919 201 6713 9857 7480 9225 4708 501 4870 7525 6819 9704 6332 7607 9547 
14 8477 2589 9691 4630 2866 7458 5417 6734 2674 6776 4272 553 7946 6748 
36 5335 9411 5213 328 2455 5621 1627 3215 1864 2693 7754 6042 5479 7835 8752 2822 2354 5637 2983 3064 4655 5576 1886 7735 1643 3399 2823 9367 9466 6987 500 5013 5999 5584 1392 8680 
22 5868 3249 3849 1313 267 4854 7679 4523 1018 628 3814 4780 9709 7552 904 4407 6396 5565 144 4190 5220 6105 
36 1138 1227 2357 8713 4863 9002 8937 3721 369 7503 3570 9376 6281 5326 6564 1478 5257 4752 4844 4308 899 1006 7529 9911 167 5963 3939 7830 537 545 8770 6136 4312 7726 4466 1871 
31 3442 1323 1142 8546 6548 5502 262 1894 8949 1594 9307 944 4926 4416 9404 8151 3077 800 469 7683 2925 1828 1078 9972 6347 4699 7770 2483 5515 5231 2095 
39 2917 3697 2899 9255 6550 3490 7535 3829 8620 9784 9299 153 5980 1400 9989 1362 143 2100 3310 5714 590 2671 7509 9511 64 5728 135 814 9222 7452 6826 1783 8291 485 918 8677 6446 6698 802 
35 7965 8086 4437 2401 4404 2731 2180 161 382 3767 6560 1615 1808 4230 831 1153 1760 9317 8648 1364 8214 3716 7169 522 7081 2848 824 7486 7591 8834 2094 8313 6126 8391 4692 
31 5717 9347 2642 2382 330 5660 3507 6495 1789 3091 2529 7051 437 7003 2648 7322 996 3806 5246 5261 172 3000 6429 596 2097 419 4179 2159 732 6171 1580 
35 8950 7180 5466 3821 4826 4940 708 7457 8505 3031 6622 1035 9788 2889 5747 9301 8249 2886 1472 9025 3346 2047 4512 4505 6106 1638 1608 2725 2460 1068 733 3641 7977 371 6406 
12 5440 7709 5371 7621 1245 8286 9734 8812 6943 1039 5453 3397 
29 519 8675 7210 4661 2881 4602 2551 990 9458 819 5985 5294 2595 5415 8744 663 4593 1001 7001 2960 7350 997 7155 749 5643 8867 8379 126 612 
24 6277 9020 4520 5975 5471 1055 8637 7543 7604 8350 1450 1577 1441 2962 7074 9254 193 2634 9992 3282 1702 4257 5583 7123 
38 9409 8587 109 874 1518 2261 9949 4366 7693 3429 880 5734 1889 687 2344 8702 5811 3134 7739 4192 5342 60 3140 9781 1856 6203 5873 8289 8901 4110 6490 6652 1761 8479 2358 3348 2471 8764 
13 2720 1880 1325 516 5193 7691 1081 152 3372 4345 9214 6790 4785 
34 1269 1625 2780 951 3051 8353 1453 6904 4840 4950 7960 6072 3964 6717 5232 8862 321 8511 5068 4893 9790 4316 4247 650 5418 7223 1771 2856 4738 4026 958 7065 4944 1230 
33 3167 696 2915 9874 9382 7710 4035 5088 1369 7501 1842 2768 2619 4952 7127 8891 1699 9770 107 9587 7417 6483 5972 7411 7187 9361 6232 1954 2213 7596 8723 1917 970 
31 7952 4693 9011 9464 559 6946 7680 7368 9739 3296 9760 3868 2298 2730 4490 7953 5704 5831 8362 8242 6266 4566 112 3351 5974 7424 6571 9674 53 3250 5623 
34 5693 7156 1635 6327 1634 6498 7477 5764 6699 5470 3178 9245 6371 8934 1786 5563 5048 5224 3588 4867 7402 3542 9244 2673 3319 1215 7213 1109 8600 355 4328 1314 1257 8105 
24 5235 219 9852 481 3717 6903 8682 4123 3624 7143 8330 2110 4238 4001 7517 8974 5930 5319 1104 6852 3034 1312 6061 3831 
31 2432 3564 1438 5856 3068 6922 2916 5495 388 698 6184 940 3272 1586 8226 5363 8154 8941 863 4146 5142 912 4675 1669 8589 8266 823 1307 1607 3969 7060 
23 6541 8792 23 1706 9661 2300 4241 668 7271 67 6546 8148 3132 5052 7582 4860 2425 8919 3766 853 8169 8669 8180 
38 9003 6361 3148 8629 9869 9549 7994 2706 1160 1431 7363 1229 8886 5084 450 8805 7290 9448 3591 5707 1375 228 7827 7215 7822 1911 3896 6530 1890 9701 8372 618 1128 5772 2624 3336 7240 1870 
39 6901 7140 4546 166 9401 4910 5829 6186 7239 3905 6566 4768 581 2462 3081 1919 7859 2836 7343 7968 6113 3838 4499 1567 4083 9150 4369 6848 1932 7324 6491 3646 1465 8951 2367 1572 9368 3657 4993 
33 9976 6150 8786 7086 2036 7628 6089 6197 4722 776 5705 264 7518 1940 1479 1983 7906 5508 3899 5867 8127 7469 2366 569 2959 6883 7915 6733 1994 9866 8707 8863 2816 
23 7108 6515 446 4140 4554 7459 900 6977 4917 3798 1157 9934 4213 4376 9628 9535 83 1112 6346 9481 4682 1355 4748 
36 3307 6780 3104 8803 1835 6066 397 5134 9583 2142 43 4612 4005 4998 4701 5912 4311 805 224 3172 617 3094 8796 5779 1711 4934 5447 6785 969 4903 4696 3195 5677 1829 6599 5956 
38 9514 6418 6558 2711 9813 326 2537 1272 2937 81 1944 7296 7788 7330 1554 5365 8354 5316 1074 5202 4556 5063 7105 7945 4930 281 1969 3648 1881 8062 4890 7273 7963 6957 7807 3072 1872 2974 
15 1097 4027 8345 1541 4994 2229 3342 6272 4750 9441 9573 6973 1187 2667 9975 
36 6198 8024 661 9012 248 3445 1913 6597 8820 6680 3222 8115 9258 5223 6817 6154 8879 6241 8927 9811 8582 5427 1200 5951 7880 7345 6211 94 3075 2073 9564 4287 5351 566 9962 3872 
36 672 8271 6752 4815 9757 5917 5241 8809 6416 6312 7588 470 736 7295 8165 1280 2310 1390 3837 2098 9885 234 7016 4610 5253 1550 1340 4767 2496 9660 6109 6853 3747 5194 1175 6352 
16 1803 8788 9048 5646 4449 3812 4809 2380 4221 4684 866 1330 405 1461 7875 8771 
11 3817 9954 4321 3788 181 1168 7942 352 6339 4800 5879 
35 375 9463 3833 9130 7816 2122 8063 8906 5908 1131 1623 1347 6230 3718 4626 7115 9886 8250 6307 2282 8308 7741 3095 1032 4124 9602 3217 1527 6572 3080 9213 8894 9990 5259 5208 
33 2695 7329 9965 2056 3583 6119 7387 7274 4773 1819 1435 3682 609 5509 3548 2251 1473 6976 9736 3380 6864 6982 1106 114 8419 5038 1802 7209 6188 8957 3813 8933 7360 
24 5445 2828 1734 4421 5686 1844 3111 7046 7470 9298 1050 9622 5379 5165 4970 2719 5552 7063 295 2776 6586 845 6628 3449 
13 7561 7464 5886 6620 278 7505 7652 1704 9408 5212 8336 8945 1079 
34 2316 2166 8548 6430 1365 6805 867 8661 684 8006 71 879 4753 6782 8260 3041 1574 8383 6878 41 341 4474 5547 337 5422 2199 8775 3993 4544 7415 3136 7158 8569 7484 
34 5192 7455 2742 9804 6927 3117 4119 2612 1979 6692 4152 7771 4931 6895 702 6518 5108 8317 1169 966 9396 6598 9808 3326 7495 3436 6079 4391 9870 2921 4689 4091 411 4203 
33 1066 8559 3197 7677 6420 4493 3181 1937 8793 6855 4932 5842 6616 8070 6315 2373 7348 1662 4343 2762 5162 6443 3832 4918 5947 5905 6863 7970 3994 844 3908 8908 5372 
36 6263 6529 8449 2690 290 6356 5751 6261 8780 4371 6898 4569 8471 7056 4333 1462 8251 2258 5819 998 2211 2656 3101 5023 5143 3151 334 4776 3058 5262 4843 7257 9365 4161 5043 3497 
26 6002 610 699 3396 2305 6021 1922 4052 3248 4133 2410 7559 4933 3554 2294 4225 2165 8612 9040 225 2034 3847 4145 8657 1631 163 
34 2571 6794 3773 4875 6503 9182 9068 7150 4824 5171 134 2793 3519 2812 2806 6993 8532 3259 1402 3543 7831 9777 7806 1684 9422 2833 9873 8429 2022 9009 5450 7234 3400 2622 
36 1315 5881 2788 2198 1777 2060 2984 6297 1464 9607 7189 6382 1007 7157 8017 6535 4542 3525 6539 2961 9088 9500 704 5577 3392 8797 7111 3314 2585 195 6609 8660 2064 8229 8438 9319 
36 7401 394 4706 3368 9286 7193 348 5008 8326 7125 2582 1119 548 9057 1813 1961 8718 6419 1288 8826 6270 1244 3365 8424 2590 2892 5403 4251 3262 2517 2699 2201 2864 3073 4044 4562 
22 1335 1002 5780 5296 2840 2901 9212 8841 5892 8985 1424 975 263 9208 2946 8897 9243 6556 7489 744 3209 449 
27 9675 9733 4537 3947 6293 7990 1426 5159 5859 4664 9871 4062 3386 8091 5995 4131 3912 7554 3967 7049 9614 5767 7896 1136 7772 8351 15 
28 7499 7318 9473 4170 4761 7122 4492 188 6087 7983 9673 7493 4295 508 1534 7388 7572 8460 2248 2497 6193 4760 1929 4714 5454 8069 8368 5026 
35 9084 5491 2784 3739 9897 8782 8300 4314 4340 1814 7101 1780 9883 1893 8893 336 82 2019 9467 8269 2672 709 1261 909 4418 6289 1678 3710 3425 4284 4280 8067 4805 7685 6071 
39 713 9649 6786 482 1640 4028 9064 643 7924 194 8576 3919 441 3060 6259 7031 6302 6158 5661 1641 2873 5944 4459 2044 2687 8748 3894 7738 1618 3054 9912 8910 204 4888 22 1729 9832 3562 6326 
33 8708 8290 150 3375 3816 8085 1565 8373 9462 5785 7521 5152 3733 5322 8888 6775 4911 247 5239 4908 1165 7696 6561 1991 7120 2377 202 8639 8818 9684 2208 8322 8992 
17 1515 5218 6924 7248 7085 3086 1545 6659 1151 6568 520 7829 1065 8401 552 5210 8282 
11 7475 9187 1372 5307 7581 7910 5056 2281 2575 1980 4394 
34 6831 8213 5359 5006 8309 1655 7434 607 3205 6832 9849 7627 7707 9153 8469 2428 4774 7121 3558 6840 5364 2627 9043 5533 7403 5526 2785 4650 6414 9209 8849 9276 5150 2345 
34 700 5027 1421 1755 8795 4744 40 3434 5373 2011 7528 9295 4381 440 5126 13 3898 1149 443 6111 2562 9561 1274 8058 2105 2051 9234 3757 5439 674 4837 9247 8517 7300 
36 6815 6269 7704 8979 7638 8536 1508 5124 799 2670 6298 5320 4252 7192 5676 3143 4510 7742 5937 8523 1809 2798 5803 3004 4660 9916 5648 7004 4451 6651 8613 9930 1043 8092 2636 653 
38 7429 7849 6329 1100 5089 6255 7934 475 1613 629 5064 2710 6801 5475 6768 3911 6046 3741 4649 3413 108 8539 9821 1548 4531 366 5857 2485 9969 3002 5846 7184 1832 557 3587 9001 8118 972 
33 7119 2123 200 839 3537 2857 6716 5394 8031 4100 5997 351 788 8508 685 4540 5370 2842 775 8060 792 7969 8138 5462 4388 2081 9629 6375 1491 2085 8930 9045 7243 
20 4742 7347 6583 8726 4799 4156 638 2600 8015 6442 9192 1765 2646 6691 7902 2408 4995 1250 5328 5186 
37 1005 6485 3334 8868 5107 5012 4063 9505 3394 2125 1416 6823 1763 8914 7478 5348 6869 707 3204 8939 4440 6422 4313 2661 8034 6847 4529 7791 886 5073 797 490 3921 7565 8316 5243 8738 
32 4214 4511 6125 4141 2651 379 3135 6226 9865 8202 7059 9787 1642 8778 4538 1444 3764 7315 8033 1279 2386 3085 9333 5568 6216 676 9204 6923 4634 626 6370 1214 
25 3253 9166 6747 1530 5920 7075 7947 2820 1262 3792 2203 1020 1972 4348 3968 4365 7084 1278 2151 8172 7445 6787 1811 3719 9015 
6 9504 8730 2461 3021 9742 8358 
6 2581 2528 9082 363 2617 8757 
25 4094 5902 8020 9744 4301 8913 2277 3229 5688 9296 4745 8976 4851 2564 472 4897 759 6697 5075 4211 3360 6683 3706 4533 6585 
36 2920 6952 4583 9267 6220 9345 8529 2075 350 5072 7753 8162 7775 706 4176 4901 5836 3223 7038 4243 1493 5720 7869 5595 1382 9828 9415 8084 4765 2045 3045 2383 3946 5271 293 829 
15 5300 8192 835 9148 5167 7207 1154 8590 5519 5806 4039 2459 8651 2113 947 
36 9707 8029 9306 8448 8995 2480 7498 4224 2805 4625 985 4385 5549 2096 3637 6958 1456 8453 8618 3541 5940 2914 1029 9941 27 4590 106 4515 5128 5725 1366 4909 4060 3720 2468 1155 
33 3693 7512 3989 2783 8991 4024 127 1768 8099 2599 26 4936 8394 6761 4808 926 424 2509 8019 8467 1839 5739 2837 9079 6836 5009 6117 3803 3777 3672 8216 8833 3793 
36 568 5237 5890 5025 448 3915 6615 1281 3759 9731 9810 8150 1854 3774 5 6477 763 1927 2987 7036 2787 2682 1405 3192 6479 173 7289 8916 7294 3925 4085 2659 9133 521 7297 7748 
19 4601 113 1090 5771 1908 4938 8298 7025 8319 8686 8027 1745 5313 4831 9568 6177 2611 9162 5443 
19 5086 789 2751 7482 6016 2756 9995 1967 3888 2633 6682 5069 6338 9907 5085 1964 8628 3754 1025 
9 9256 9763 240 6080 1351 8076 5645 1791 3452 
19 5497 3381 6090 2184 6573 149 6449 6440 4486 8186 5783 4111 4571 3218 9173 5229 6842 3885 2104 
35 622 864 3129 199 9179 6274 8506 6301 4235 8431 8061 9578 4751 33 3419 1526 3076 3595 9439 1740 3845 5065 9202 2861 7949 8427 3765 6985 2708 919 5269 1547 4517 4605 5882 
34 1305 6044 7846 47 6173 5994 8610 7659 592 9943 8170 5518 7233 1096 9147 7476 1495 4363 9380 7802 3857 5766 3785 2859 4801 8497 1629 3011 7009 6213 705 4444 2077 1434 
22 117 9046 8774 1326 8253 8278 2055 2775 3653 4234 560 3428 6981 8642 2311 7333 3238 2065 1671 8454 2639 3943 
14 8102 8566 428 5602 6238 3288 1238 9104 3485 2080 758 4061 7487 2570 
32 8329 6189 7319 4228 4658 9037 7162 105 9644 594 4442 3312 8240 7328 1633 3850 5225 1318 7406 2156 5542 5888 6386 2563 3671 7793 151 4690 3781 3483 9450 6727 
28 5299 3333 6155 284 2754 8553 3388 6795 6022 3458 4975 1767 725 1982 9963 1862 1120 4643 6317 6383 5015 3621 5525 9958 3078 6846 7083 4979 
38 4379 7612 5698 6473 8823 9524 6078 7595 9817 894 8565 1533 5010 5178 2491 762 5044 4108 4332 231 9766 4219 8592 8465 1926 942 7715 4036 682 3357 9218 7221 138 6049 2683 9292 7481 7266 
24 8640 567 1697 4065 1695 7844 6099 1751 6060 7164 8474 4594 9529 2655 9250 4031 3039 9407 7888 9780 6069 9059 3913 2905 
23 8703 1447 6208 1785 389 5618 1562 895 6428 551 3044 9384 8123 8355 5177 6956 2635 621 3772 4201 4368 6299 1389 
33 2949 4536 9503 5955 2000 7811 4559 9880 7556 7997 4763 5895 8658 3455 1923 7044 562 1902 6818 4406 9904 7374 9132 4514 346 8725 9517 4509 7944 5041 7378 5814 7405 
24 2135 477 8978 1240 3433 2343 6306 9964 1283 1546 1236 2771 8041 5355 6451 6372 9606 6334 4013 1352 8521 7302 751 4822 
17 7861 2212 1998 3071 3155 4169 7134 3340 5824 3164 5411 5114 1743 5180 678 3628 6710 
39 5860 3239 4781 2293 2657 7876 4020 6480 5910 8182 816 686 3844 2162 7892 1877 54 9745 7154 4961 361 3643 7602 3112 4549 2560 4723 4270 7018 4338 4077 7170 3874 5199 3652 745 7920 3048 597 
31 6916 2429 3575 2147 4450 8595 8857 5559 836 1538 2524 3001 4599 652 1732 8119 3187 8705 6861 1945 5984 915 6590 4264 8018 7797 5276 3450 2772 1941 5833 
34 4059 1794 8699 212 4115 2323 921 7010 3278 1411 9363 4051 7658 4812 911 9119 6093 7980 5264 5144 37 3499 9516 3934 6330 615 2182 7544 8243 1299 6287 6890 6400 1938 
30 4494 7889 7428 8410 313 8190 8493 2645 2370 7842 288 1925 9899 4972 1118 4127 6278 8325 5311 3175 4947 2713 993 3598 5219 2413 3795 8016 7365 3768 
27 677 2327 8021 6245 4245 8605 9840 4697 176 913 7332 2863 7593 6122 8926 6592 7803 4430 9981 9617 9226 7654 4582 4477 4881 2969 7079 
35 8310 3168 4885 6756 1986 164 767 6850 412 7757 3650 7703 604 148 4162 6464 9129 5011 2691 9005 743 3200 4685 9421 1766 6601 4611 851 9327 5242 7103 1661 5874 2703 898 
27 3855 7186 9544 8207 3680 7809 4465 2516 7731 2225 6937 818 9136 1851 131 9394 6120 4253 6574 6723 2929 5288 5360 3260 5448 5631 5630 
10 9325 1492 9087 4080 2887 9366 3303 1418 7052 2389 
19 1543 8306 4390 7168 5116 6557 1600 3517 735 3279 3127 1606 2870 6305 1700 9016 6885 7723 7532 
24 306 8139 7228 4683 6460 5160 9110 6704 625 821 1309 5283 1101 2035 8145 5835 7439 1787 9086 6001 1455 4501 6589 2349 
24 9140 7114 1674 5214 2346 1356 4189 6342 2766 8664 8852 9303 1848 8884 1082 6496 6508 9947 6354 679 3171 4086 3033 3405 
19 6783 9925 8422 8572 5784 4710 3489 4453 8087 2802 7440 7311 1507 6067 8756 8882 4232 6469 1499 
33 7956 8557 4223 4196 6645 9737 6907 9322 8721 6146 3061 1806 8936 5531 2865 4996 1652 3825 8232 7185 4480 5111 3738 3304 6921 1395 3290 7540 9248 9598 509 6671 8367 
36 9305 7064 9246 530 3830 8816 7686 2059 3439 4433 5481 7599 7352 8215 6249 5461 8678 1408 5078 1060 2664 6750 8643 4073 8377 8903 1592 2625 598 8988 9994 7095 3923 2243 7055 3604 
37 4150 1609 513 5090 640 9497 7558 4857 1831 8935 6387 6511 8900 8633 8206 7705 3853 2609 4962 9022 9165 6746 8159 5074 9309 9539 7151 9482 3622 5848 314 5102 6169 7839 274 5468 3152 
34 5245 5393 1489 6765 4666 2999 1553 4355 2246 8160 6820 5561 8199 8340 3056 9336 5432 3042 6350 3711 1737 1167 2800 9340 3938 2252 4896 8098 317 9200 7058 6223 5207 4892 
37 4008 1815 8104 7648 4405 2852 7275 9436 9929 8281 7023 5961 5820 1350 75 1579 2926 1708 8050 1084 7618 6549 4129 2924 7781 8977 968 7404 9342 496 2988 6336 5302 4617 8318 8208 8537 
34 1978 3138 9806 7666 6474 9138 5260 576 1286 9621 3515 1795 6032 9146 5474 8414 1801 4506 7249 783 5534 2393 8524 7984 4096 7841 434 7955 8591 8541 6949 6872 9260 1516 
36 7928 1414 7082 3017 6128 3036 7386 5622 524 8218 8108 7497 3805 2155 9978 1144 5431 6051 9389 2940 398 5321 7394 4852 6351 8472 5981 3953 5473 3907 2372 6858 7681 635 104 9423 
24 6228 6740 8784 6340 8245 4736 3523 7427 1865 1263 6233 9635 9678 897 3841 3987 3026 1876 5082 3406 6778 9486 6205 7764 
33 7399 8158 7373 984 156 2977 9358 243 6755 4573 179 6028 2593 9099 7718 2139 1887 6050 6100 8093 7312 4132 2997 9445 1510 6625 7626 4946 9717 716 6507 395 8944 
30 3030 8739 4154 1723 8194 3669 8687 5909 4898 4191 9726 3633 7100 3820 5900 2724 2650 7873 9571 8307 6411 6940 7743 2555 1549 9174 2792 4426 4669 4874 
34 7040 3410 1630 6304 9631 1685 3338 1016 8767 7510 539 5346 654 1358 6005 1129 8295 9178 1646 1775 5421 8360 9818 8604 3836 7776 6390 9480 4891 4322 7165 8197 5967 941 
34 3156 1228 9595 8440 7380 5352 1459 852 1772 4358 4082 5898 7878 1077 8663 8374 9097 5435 2854 689 875 9725 3724 7067 7066 2241 3366 6908 6655 5036 971 3954 4254 6990 
34 6807 7188 6110 1177 1 5169 2407 7483 3389 6276 3363 7736 7800 6335 4364 3679 8001 6569 6814 9835 5793 9028 1091 858 3106 359 6629 7507 6522 8681 3881 5458 6240 6636 
22 3555 9349 7015 722 8301 9753 1748 9689 4581 1896 7107 5726 6926 3522 7622 1951 121 7959 8166 3690 7759 782 
32 4618 1724 2006 5887 1430 5679 3722 8986 4025 723 7050 5683 8581 1088 8124 8827 9089 2745 4787 1514 4547 1226 8760 9936 662 4927 4719 7232 4955 3677 4102 2786 
17 6695 5971 8426 8198 9019 2709 7359 7725 8352 4633 7617 5019 4237 2325 3408 7916 5014 
19 273 6662 5441 7813 1999 8456 9560 1892 307 2402 4647 8602 6554 286 2395 5399 4155 992 988 
35 8962 3651 6168 3991 3740 7113 9160 9270 2796 8743 5164 7200 5669 9552 2677 5460 4120 8059 3 9468 2046 6083 6799 4784 5079 4266 6837 3668 5233 8131 830 7137 1522 4356 7309 
14 2869 5227 2928 9186 218 3904 4524 7921 4106 6438 691 1720 5436 963 
21 3869 6843 1206 4420 3903 7251 3275 159 9946 2614 1790 8570 4023 8191 1047 2947 8683 2588 3463 7321 7785 
17 3444 1817 1744 9334 2827 2737 5865 8482 3794 5617 4226 6771 6179 6979 6802 7886 8223 
34 9393 8698 8425 3176 565 3966 9065 772 5579 4802 7259 1034 5384 4373 1878 8341 6514 4242 2457 5504 8196 2797 9036 1834 9720 6393 1383 5946 6983 3787 1182 3377 487 5696 
8 7270 4471 305 5338 8380 7349 6103 1287 
34 9888 9670 5572 1030 9543 2518 6141 5690 4415 9229 4924 8107 8845 7265 6889 0 7268 4269 1758 3162 9427 8690 6784 4081 3567 1420 8759 6286 9632 5430 7303 2632 7636 4136 
36 734 1024 8328 3066 2982 2181 7665 876 1561 9541 9862 7699 5401 1659 2726 4570 2488 5973 1573 5988 632 2076 5750 9122 3226 4167 1147 6510 7964 5170 9280 4638 2647 7331 681 8177 
29 7463 7711 7314 5158 2653 1027 8753 2002 7416 1137 3978 9323 6997 5566 8049 130 1044 7447 2111 2419 7159 4587 4521 9634 3110 3944 8724 2378 1924 
29 9216 5727 9851 5425 4153 7174 8167 6013 6672 5919 605 8931 1895 7784 1439 1680 2304 2918 8416 7587 8488 9103 1719 6677 8246 7580 7420 2087 752 
30 8518 7891 5711 4862 5400 5465 1736 2749 6282 1432 6010 1021 6445 770 962 5030 6064 6486 1237 5385 2058 4564 6506 5278 1231 5775 9671 8486 2909 4019 
35 7005 6656 315 409 4657 9681 1239 1436 6910 2057 6059 5166 8297 6578 3020 1663 8275 2922 3619 452 714 3231 7045 5181 6902 3860 5297 7780 2701 85 8560 5535 8921 5667 5586 
36 4855 9626 1651 3603 7690 9477 7342 137 5664 5484 7340 5738 8356 3300 2830 6250 1837 1377 1705 9749 7712 3040 2414 3046 3146 4518 319 7211 4791 7339 421 8455 8997 8794 6899 8672 
13 4377 4411 7522 9718 9942 2391 785 3451 504 8405 1449 9008 8144 
19 1900 9252 5979 6152 6743 2910 1162 1099 7177 9417 9945 6833 8052 2860 8842 2849 5555 7851 9987 
42 84 5615 3329 3188 989 7737 506 9410 7344 8272 6999 5658 5168 7280 588 1225 2136 5536 4766 9061 3863 8012 6478 9508 3093 1019 896 7389 2704 4702 147 5119 9724 5876 2884 1417 9492 3995 4297 1503 7220 1412 
29 5769 2324 8447 4207 3840 2654 8761 6989 4772 9489 7671 3702 8606 8501 9374 7030 7236 3808 2525 6798 4402 5303 8417 3189 8346 6513 3529 8129 6337 
33 920 1384 9685 3354 2440 2686 5433 9232 7516 1679 4212 1316 2454 486 8451 6470 9827 8528 630 6453 1331 8457 6948 5106 2948 7091 3735 2352 6353 5274 1191 9265 232 
33 4637 3005 4455 7102 378 9381 1947 7334 3454 7195 9682 4015 5776 5812 4286 7057 4298 1212 6358 3382 3961 7022 5916 7246 8247 6359 7879 3761 4053 8580 2023 6165 7128 
29 6724 5808 1251 3403 210 354 5457 2680 8819 9542 4419 3890 9648 3688 1559 6185 1612 7308 8404 8883 6516 1688 8769 5523 7145 8037 5612 6142 1141 
28 3988 4873 3208 6741 5507 7226 2541 1713 8478 140 298 3043 9198 9518 878 9491 9882 6646 8178 5673 5787 9973 3623 9400 4543 7647 7073 9759 
9 6745 4941 5530 6020 8366 9433 5585 9470 4619 
28 769 5402 4084 9702 3818 9159 7014 7760 8147 7817 939 1971 3309 4916 3815 6528 7871 3509 2242 6131 6364 2259 8668 7750 4185 8709 2102 1477 
22 1833 3294 457 6076 7506 301 226 6294 9172 3977 4997 4937 171 9939 1792 2375 8210 239 8288 217 2417 6525 
34 4307 2296 3029 854 6512 9364 578 1428 2740 1818 5639 2091 165 1219 1847 3611 4042 4778 3713 8674 2320 2515 8990 6283 9643 255 4441 1672 92 3013 806 7701 3800 46 
37 222 7293 3430 2132 376 4344 5844 7513 8953 9026 1551 9029 4144 322 4412 8468 7589 9791 5331 664 3984 132 5310 6077 2503 7755 4627 9554 9558 5333 8519 6459 8963 3420 2200 5451 1873 
10 7936 9287 1582 3124 3684 4880 1597 906 9812 6643 
32 5885 1407 7116 2074 7152 6062 9741 8481 1591 3323 2269 8568 7437 9484 5644 3975 4268 5055 8558 9531 4513 6777 9419 7987 4262 6180 8121 4463 4359 2583 8638 3228 
37 4090 7435 5113 8370 5626 9819 1693 5375 3867 5211 3277 1918 5098 6229 8065 495 427 6441 2134 7214 2847 7375 1853 8872 5733 2904 6500 6797 385 5061 4718 5843 5863 890 2472 4558 5670 
15 4887 8397 2137 20 3062 6938 7885 9767 1294 5077 8772 7032 7925 5826 5609 
16 6961 7993 3976 720 9249 3367 9843 116 8026 8966 4375 2778 7848 9592 8955 5591 
33 957 5721 35 6526 3102 3609 6674 4209 5582 6102 9998 3980 9756 6214 3322 5130 3014 7667 9970 2271 1575 3997 8631 4845 9988 8696 7335 9991 5016 2082 7669 5217 1988 
34 4894 7864 7357 1869 5347 6222 2191 6830 6773 2283 4240 4672 7241 5198 7069 2492 9488 1619 9591 7740 7724 2250 9297 7219 8938 5133 4304 1134 7761 3756 9069 9792 3107 9235 
26 24 3546 7471 5049 1904 6825 7383 5281 3749 1003 4319 3251 4803 2845 2850 8109 3569 8765 7903 2662 1934 9953 4443 4825 3100 642 
21 4842 4387 9377 6348 1345 711 2400 1754 8443 8527 9667 6437 9951 8462 8907 3098 2587 8745 3618 953 3019 
32 29 190 5487 9469 7867 4953 5409 8028 3145 6793 2144 3374 9398 5897 3681 5544 9431 1009 8343 8905 9310 9521 5862 6408 6007 2934 3506 8673 7041 2307 9357 3547 
37 1664 6135 6875 6265 7277 6537 9062 8798 2882 4942 4173 8679 8762 8948 5896 3099 3804 7826 5957 8409 2341 1952 1739 7317 4462 5915 1677 2365 3177 3241 6584 7412 7981 1696 1275 8608 9302 
22 2944 9636 1797 3169 2368 6932 3827 25 2179 3565 4166 1259 5482 4016 8293 4021 4883 8299 7975 1224 8320 8813 
7 2356 4796 2767 4448 1568 5520 3811 
21 6706 9251 4868 5127 6860 2434 1494 1906 5627 4092 5273 1378 8746 5911 5924 270 6909 1587 3958 4578 2553 
20 5137 7613 5272 1868 6242 1962 9013 6696 1845 4362 4472 827 1497 4954 2855 6391 9139 514 9690 4964 
21 8088 9999 7181 8861 6627 7126 5697 6653 4485 1825 1585 4109 1692 5923 1445 526 5719 2607 3892 145 7547 
35 268 9996 1267 3116 9392 9478 6104 3027 8077 4210 6545 9257 2879 2411 1726 9259 3511 7112 276 3878 9330 2292 5781 1506 1328 7217 5907 6194 2228 2644 9814 5337 9115 512 4218 
33 297 6884 730 2338 6023 2954 8815 5391 6617 905 4175 3407 6725 6759 973 1636 7833 5035 9650 1511 6730 8584 8498 2332 4969 3963 5419 7660 9335 2803 139 3686 2978 
30 8204 5358 6164 5732 7438 4326 5045 76 2933 257 798 4548 2747 948 2289 8507 3631 2164 2420 6401 5640 7566 9793 120 717 1496 5550 2898 9033 3661 
36 9283 6404 5818 3601 502 69 1500 7663 380 2126 9284 1415 2498 9403 9708 5330 4004 5840 9184 2908 5485 5633 8777 3962 2403 3474 9875 4429 3782 3258 2458 8583 1861 9924 4613 7563 
23 372 3540 1959 5593 9418 1015 8654 8646 8880 7407 3786 8547 4899 4677 4306 801 5921 2238 8552 8112 1471 2903 6779 
36 961 7810 6493 9556 9105 6647 249 5094 5689 2694 4762 1296 3852 4600 8483 291 3273 6148 8195 7590 9938 2598 5187 7366 6376 7614 3796 6436 431 9565 2193 9944 8732 7576 3190 1490 
34 5424 9820 9495 4673 511 6244 584 8413 1747 8549 2204 8971 7511 4678 2815 432 869 4846 9772 7958 413 6366 4856 396 9355 7664 1233 791 7245 1179 9957 253 7396 468 
34 2009 19 8323 9559 9735 6618 6319 129 1026 9663 4436 2379 3676 9024 5117 7356 2755 7820 6638 9858 5200 1570 8692 4460 2741 7299 3895 122 9902 1466 9522 8911 8734 8371 
31 8520 6123 3891 4629 5426 6178 8014 3992 78 774 4572 9903 3728 5813 3620 5446 5438 358 2973 402 7500 426 9889 4792 6925 9867 9348 2361 3998 1921 9339 
26 2986 1860 5189 3426 7453 4361 6035 5361 471 3737 2572 4454 275 4002 5692 1207 9113 5467 9796 7883 4285 6094 9107 1501 4681 903 
34 8840 1013 3910 1830 5054 4409 97 8339 5140 3592 6813 5570 5463 1285 3359 1858 6405 8238 2750 8942 4215 2149 5832 1928 6107 456 927 9823 6017 7932 8072 2183 3142 3391 
11 2559 9985 1246 1114 2207 7492 2875 9546 6867 595 9532 
31 1888 817 5112 2782 8653 1474 5847 8830 6600 6520 6606 16 669 1931 9176 9536 8268 2066 1124 4795 3289 7054 2114 5731 2190 2043 8375 1960 8662 4516 1701 
25 1874 1061 4275 2196 3180 418 7700 5827 3972 7594 9261 9369 1714 7639 4425 6088 2489 6552 7901 8626 1241 8555 3182 9014 1116 
6 541 3614 4793 6063 3859 4963 
13 445 1605 8277 4794 4299 5226 9152 7377 8779 3390 6679 1148 5929 
11 2591 9569 1823 7922 7301 9236 7419 7421 4353 6998 2596 
23 9523 7028 5746 4935 4482 3341 4823 6893 7818 9157 2513 5729 8236 5987 304 7466 1968 4087 5757 7979 5005 2 2761 
16 9799 1332 4414 2963 1023 3861 8875 2423 3255 574 387 4446 3858 32 6234 9264 
33 1194 9109 6969 7096 9156 2315 680 3748 7425 6320 2381 7053 1899 8095 5003 3687 5884 7183 2270 9807 6604 7087 6648 444 5800 1485 6008 3616 5629 3462 4729 4097 3577 
22 2008 7320 3459 3510 6744 7655 2088 2394 5989 3568 8450 546 3658 3271 1443 5265 5790 8125 5503 7012 8531 1683 
33 837 1838 8892 8348 3475 7479 1660 9474 4992 9748 4900 784 2334 5489 3441 690 5293 7202 5538 4734 4711 186 1523 4951 8742 1297 8181 9288 3466 5872 373 7008 4447 
21 476 6521 7625 936 4922 3385 7798 9837 4399 843 5642 3518 1632 2084 4798 2895 1217 7697 1595 5939 5964 
21 1399 3246 8622 79 6221 8046 7133 3379 1576 1271 3486 2276 4989 2728 3089 8163 2234 2466 2437 6608 3437 
16 3281 2053 712 3242 4289 7551 6156 2369 3922 182 6149 1292 4101 6551 5792 5761 
31 8342 7230 9579 7176 2931 6116 9686 8885 6224 9599 2474 9507 9977 3012 8685 5266 2392 9893 9350 8510 9388 786 3460 5007 4652 7007 2580 9527 1391 1467 1621 
25 3471 6735 9289 9273 5809 2099 2007 9922 3585 3582 587 9035 2757 2396 4372 5148 3790 6138 1429 675 8101 3131 4694 2814 6812 
36 4143 3311 8224 3594 5830 2790 1709 9826 9697 4712 9471 2071 3427 6311 2326 1694 3797 888 3871 4033 5398 4974 6341 6369 5413 8972 4168 2930 68 8751 2810 4945 8984 3153 2985 1675 
4 203 7433 1657 1306 
23 8395 3579 9768 9282 9078 9346 7432 6980 1742 1885 2322 6970 8961 9545 6011 1243 3996 4553 3108 6763 6040 9502 4555 
22 1778 5969 2376 7201 5434 2280 484 8183 9656 8385 6992 8136 5554 8296 9746 9134 8470 1451 999 1249 4813 1117 
12 48 1855 6378 847 4113 433 8804 9696 2195 8535 7048 5976 
36 5341 1406 965 3050 3220 9199 2556 4832 8624 1682 8632 1936 5749 6112 3965 8113 3712 8850 7840 2355 3417 1048 5641 4606 6806 119 6379 1127 4631 9278 6073 403 3983 8515 1337 36 
32 2912 1637 271 4349 7579 952 4584 7490 7090 9919 4438 5505 5118 3864 3431 8082 7410 4640 865 2127 7890 2972 4206 4263 5619 5280 2716 3141 3726 7072 9655 287 
38 6115 1512 1524 6413 7870 8155 7191 6657 6562 3635 5877 3186 2487 362 804 9493 3447 9220 5354 4592 1966 536 7281 6963 6865 2140 2689 7279 6841 9091 5606 1903 308 4534 2452 2821 3882 1303 
25 9864 2412 229 2697 4691 2666 1089 9196 4966 1301 1644 4250 102 5301 2631 3047 4565 9318 9343 4227 9900 86 9125 1857 808 
24 4687 7553 4507 3230 9750 9961 2172 7182 4315 4958 6118 1583 9219 2175 3924 6296 8846 5838 7571 4674 7790 3487 6856 1535 
35 3149 8302 5060 1995 3566 7682 5238 4068 6462 4000 8357 9672 323 4367 2353 2698 994 1052 7857 1183 2715 473 8378 4552 325 1909 7305 2108 8495 5456 6685 2665 6824 6467 8858 
23 5332 5444 6384 3730 4747 1730 1205 1201 5624 367 2696 781 1812 5706 4137 178 7777 2446 4293 8164 5620 4740 6896 
34 5598 5387 5510 6536 9633 7494 3949 4274 2907 582 9848 8526 2858 620 2970 5404 4339 4239 3528 3404 9093 1302 8264 1614 7353 6642 9612 2029 8844 99 3498 5110 6045 7414 
34 55 9920 5516 3114 8188 3227 938 93 9444 1253 6124 3810 1542 3492 1645 2287 5978 4886 1933 9844 2763 7874 5277 6273 9387 1413 6324 3446 7442 4076 2318 9863 3421 9908 
34 4788 2714 2649 9135 3940 377 9754 3256 6543 3320 8525 1156 1935 3613 2550 2964 3313 746 4398 3593 5452 5037 3617 7795 5185 3003 1912 525 9155 6398 7752 3331 9842 8141 
33 2576 3918 6457 9845 1102 3468 8585 5941 320 3959 5589 9839 651 6217 3533 242 1204 3723 3985 4665 3435 3839 5932 3799 1727 703 4504 3287 8755 6531 9240 2299 9548 
34 6913 6053 601 2967 881 7037 538 6452 9533 6397 9453 9615 6501 4577 9668 8083 9067 3644 2130 9651 2244 8550 9597 1782 1291 7216 9955 3364 7645 6182 4943 4149 1749 1915 
30 157 8932 7104 1564 4973 5344 384 8048 1654 2911 4431 9861 8838 2032 8122 5047 8359 461 1620 2441 6613 5423 8143 1172 333 4291 7792 8140 1468 6712 
34 4346 7020 4164 4807 846 753 6380 7971 7898 3293 7062 2433 8201 8365 2405 7989 6019 5753 5551 9290 1948 1336 1946 673 3243 6367 1863 7933 2569 6897 8258 1509 8054 9594 
21 5161 8073 2896 2442 5135 7972 251 1083 3945 8312 1463 70 3979 4323 34 870 1816 1521 1072 2668 6661 
20 1973 4138 5138 8057 2764 6774 6000 3775 4093 5871 3886 8128 9277 4139 7172 6891 62 9773 4912 2013 
40 4495 7398 3170 8832 718 5756 9738 871 1746 883 5062 2308 6362 6887 269 4172 6576 9465 3422 3097 9805 3261 4653 4591 7283 9850 8386 3484 6742 5205 1017 8174 1125 8860 4125 1387 1265 4105 9917 2712 
15 7110 5284 5634 3477 1295 236 4038 5429 5655 6434 6835 7199 7136 1423 9715 
25 6160 4648 8588 8747 5291 6251 8038 9740 4177 6360 3057 8045 7272 6167 4632 9665 2109 4775 5368 5537 9589 3137 6593 8114 5691 
31 9581 2026 2118 9613 7847 2240 9639 1176 2722 9083 8473 884 5378 73 438 4563 7756 9967 7985 7542 2016 7568 7973 6235 7548 5389 3600 8810 7675 4680 4651 
16 5982 9997 910 5799 282 3727 8089 7698 5122 7931 2317 8735 8256 3274 9584 4300 
30 1866 2641 1363 5120 849 6729 3685 4561 4043 589 7720 3324 3265 9454 4193 7951 5362 5794 8790 8285 7708 9131 6038 5569 1202 9603 7208 9490 2001 254 
11 3103 3276 5517 7097 7253 8806 1475 5070 820 6594 9390 
25 6965 5034 6547 2171 2486 18 8964 7460 5718 6635 9596 1386 9217 6866 7814 1756 2543 5575 9430 6468 4103 344 8068 3083 697 
35 6424 6877 9316 5285 3022 4709 5021 7872 6581 5000 9664 5762 2995 9058 4735 2329 6191 1343 7537 12 3981 3625 5709 9108 6857 3130 294 3139 3960 3401 6144 7856 6033 4 5548 
16 1735 7379 4469 7291 9300 889 9959 3150 5455 4383 124 6385 8694 4464 3144 5196 
34 585 1773 7927 8464 4704 422 2602 7609 5250 8010 4468 9047 3889 5918 1258 8923 8411 7467 6690 1070 5083 9971 3352 7515 543 8918 2885 2083 3494 59 2874 2012 3416 6781 
18 5716 2603 2717 8571 7600 4303 8452 1624 1762 7999 4928 2867 7099 2552 299 1458 885 3318 
36 580 6849 5377 6575 6886 7941 6279 6596 6678 8284 8335 7130 5412 3179 4261 3771 6676 8331 312 3244 11 3423 6838 893 8171 343 4654 8494 8800 6705 9695 8831 8228 6292 3883 7605 
19 2020 6544 6644 8593 1841 5410 42 6703 7692 6450 8659 3302 1483 8928 3479 2014 3513 1161 2371 
34 2941 2738 6200 3325 7643 9238 9038 5801 6995 7408 7904 4956 1354 5604 327 4158 976 9197 8980 2841 3032 4259 9688 5638 9616 8607 8869 6374 4452 3059 6036 5740 7523 2161 
15 499 2430 3848 4288 1738 6964 6157 4764 9968 6447 3715 7282 6476 667 9923 
23 7799 3193 174 3298 3478 6505 1793 2314 6947 7702 2235 4342 6565 6231 4777 5292 731 4783 7286 4527 7567 9605 8132 
29 7141 658 6851 5282 8940 494 66 6426 9914 7733 3349 9638 8504 9618 50 6373 6959 9145 6693 564 9710 701 2268 3201 8603 577 3121 8002 3551 
14 2660 5653 4374 8418 6933 3843 7919 2811 7746 2477 3801 9676 1036 2991 
11 9979 3760 89 9872 518 8257 2206 5870 9475 5172 599 
38 8728 8262 5710 7631 4088 4957 4659 6132 3524 9896 8097 2851 1666 3917 7450 4174 1484 4759 7943 8943 3120 7855 2210 9168 1103 1198 374 3599 1130 7974 7258 237 3133 8871 7354 1715 5866 9268 
36 8406 726 8573 977 6984 4615 8909 4089 1891 688 964 1094 2549 5506 45 7917 3327 3063 1195 8740 6147 3473 459 5837 6030 365 7821 4046 7278 4985 4491 2606 6432 891 1558 4386 
33 8179 2536 4200 3512 1949 6357 8412 4872 2893 7610 4135 5255 6935 8999 4054 3612 5758 1569 9230 4180 9073 2067 3115 6236 1650 8074 3942 2467 5039 5993 9102 7674 3714 
30 9901 9128 6455 9586 2333 986 1181 9952 1051 3163 3221 3926 2202 1427 7146 4310 5666 9 7592 832 8500 9373 2301 6043 2989 1901 6284 5527 3233 934 
30 7640 4208 3779 2167 1676 4939 2534 991 5597 7815 8561 5850 5147 7496 6721 1668 4229 6454 4853 9344 3916 5796 5899 634 9447 8347 8398 1807 1338 6318 
34 7911 6658 6669 9485 2470 6484 5782 1875 8004 8304 2876 850 9856 9895 5248 1905 5376 5894 6084 3584 4182 9479 1033 9027 1419 1800 6664 7502 7166 3411 8382 3521 4047 7397 
38 3008 1593 442 9830 417 2178 7988 8239 7926 2684 8946 6256 1333 3125 1446 5977 3347 7252 2039 2223 3035 4589 3154 2604 6260 3933 639 1031 5131 6675 529 7550 2508 429 4410 8712 1184 9177 
13 3457 5903 7962 810 2658 710 2306 9983 8025 1898 235 3465 1480 
34 6607 6239 933 1977 1537 1942 5608 3752 9056 2765 4122 2510 7850 3448 3074 3856 4049 6991 7391 9329 4279 2484 4598 9747 9428 4986 5179 3929 5906 2431 2835 1647 1531 9879 
21 3539 4476 2888 793 4095 6821 3746 6950 7689 2574 7762 5996 6718 5702 9703 8737 1598 214 9662 3999 2990 
20 6456 2079 7196 9824 8821 7370 9324 8625 8185 1731 7384 3038 8013 6605 3698 917 8 3316 8152 5153 
37 3743 7287 9974 6159 5636 6475 4656 5539 5366 3393 6056 4539 7672 4730 9021 6611 5416 3703 5024 5773 1987 8279 6650 8829 9574 922 5795 9351 3531 6258 2222 4273 983 3053 3481 9053 4457 
11 364 3491 2284 2996 7837 331 2024 2226 9809 6471 4743 
35 3025 2424 5990 3092 9640 3398 4639 8652 9652 7267 4698 9894 2844 9081 3297 6108 2998 3630 2249 3237 914 4676 2347 8390 6055 1820 7858 4294 9223 4907 4905 3602 9859 1397 2789 
36 7229 4260 3865 8157 497 4913 2979 5221 9379 2154 1670 5802 3158 6766 8441 7673 6481 7533 4292 4789 6070 244 9164 4382 2158 8270 2453 3823 460 3470 1470 7413 6161 6492 6918 2399 
21 7346 4317 3028 6170 9203 6728 2506 6621 9413 5594 3214 6029 6134 7578 9537 8577 5188 7167 7118 6392 1396 
16 873 7773 4965 729 4988 3268 2950 5101 1539 65 4695 96 7616 7527 3295 3105 
35 3692 8055 2495 1111 8445 5628 7778 5001 561 2237 2476 3472 528 2968 5893 9765 3084 7714 9993 7323 5778 5329 2456 1448 8338 9183 1698 8697 2141 7173 5029 2336 5935 7449 3356 
35 5381 2538 4194 4502 9575 4205 4017 230 9054 5532 8881 3536 5687 1590 764 258 1599 5312 7615 9716 623 3660 399 1981 5861 1235 7247 125 6310 5336 3308 2853 3879 2616 1011 
38 489 9052 2143 206 9815 6058 9457 7787 3482 6333 2021 5730 8822 1821 9600 7577 8384 9399 8700 4282 4526 7805 9637 4535 2090 8233 8676 2980 4256 221 2935 7865 9328 754 9860 7021 1728 8729 
23 5406 3758 5017 8554 310 8982 6 2152 2138 7254 6343 3301 7584 862 4160 5486 5845 809 6816 9774 9163 4413 6715 
34 6649 8459 8254 8856 6538 1346 3986 2561 515 7250 9170 9253 6792 6614 5889 4671 3662 160 1517 4032 3877 6808 2272 7620 9455 7939 9940 2932 5408 1665 9577 2688 6906 6081 
32 8509 2426 6202 4733 8989 6762 8421 979 2557 3689 5950 8839 7688 5580 9714 4320 2257 1317 2290 349 6751 7574 2187 1958 7237 9271 2545 3240 1042 5395 9590 7462 
31 7088 5744 4575 4830 9100 5962 7316 7727 1199 4810 8704 9528 8825 9960 2133 9829 7937 3402 9771 5093 7395 2891 1990 1075 7526 4835 812 3015 6407 5841 6954 
17 583 5562 7061 2533 6086 2479 1556 3659 4828 4739 855 5524 8100 765 9853 6052 7029 
16 2774 8209 1376 9601 6181 1107 5151 3807 5476 1950 7887 1028 2050 6439 436 6183 
36 61 9406 4635 7637 5712 3502 3315 4532 5306 3292 5340 2214 9076 4757 4530 6482 9123 4716 3456 5339 4456 1437 5275 44 128 9855 3753 9496 4670 7766 1173 386 5095 8562 7730 3339 
20 5304 3640 7546 1143 4949 6006 9332 6632 2500 8513 2157 3065 9980 3087 4737 6941 2397 6218 8220 9000 
32 6694 8435 211 1721 8023 9321 9072 4198 1610 1092 7426 259 9154 6994 7758 7881 7205 1255 3732 1965 6057 5675 5567 1710 2804 5240 9006 2168 2188 4114 4487 9066 
32 741 3826 2520 825 7884 6009 3751 3508 6988 4148 2637 3941 5652 4281 3586 3645 6187 9331 5708 9727 8684 757 2679 3642 1996 5397 955 3842 671 3573 510 2052 
32 1528 9405 4255 3605 2577 141 8998 115 5380 1071 7782 3337 4991 6014 9567 748 9004 392 9711 9354 3082 6881 6257 9375 1298 8056 8234 9171 272 5933 6448 7204 
37 6633 6199 892 1010 6634 6402 4786 6630 4244 9553 1513 5851 5136 995 9501 7722 2608 8947 1691 4662 5543 2231 7863 7538 6870 9386 8817 9320 5270 8621 8133 3649 5191 6308 6920 5807 2605 
23 368 943 6665 1725 8912 1234 8544 4408 544 5096 265 9801 2303 6722 771 1152 9881 9786 4902 3415 3701 8611 5494 
9 4011 9520 7089 5247 7794 8327 3745 2421 5472 
36 8420 5743 6206 3632 6966 9127 1098 967 21 10 5350 815 1385 2902 3235 5703 3563 6626 8716 7472 8836 4814 2535 9272 5139 3165 7006 8899 2449 7327 9080 6810 1673 2721 5986 1188 
34 1993 7129 493 57 98 8768 6313 5279 6243 5317 8153 9966 6431 8230 9585 3571 7393 4622 3670 6588 2675 5042 6754 7135 2038 2387 3016 6227 755 738 930 6764 8634 2093 
33 5222 8376 9274 9890 7337 39 1779 7142 6363 600 3516 4380 31 4220 9721 8120 7586 1690 6204 3443 8142 6209 2808 2438 683 2103 7545 8003 480 981 6555 2089 8442 
14 1353 8630 2748 9666 6409 3225 5254 1163 586 3159 2623 6862 822 2054 
26 4586 5948 3572 2112 4329 4580 2148 3526 8463 1601 8434 3873 5672 5428 7642 602 3263 1488 2871 4731 2328 1062 2826 1667 7976 1403 
12 7355 5968 2302 8476 747 5632 9494 760 1254 9572 2018 8022 
34 7877 8484 1689 1955 1843 9314 6399 2115 1930 196 6974 1322 2615 1216 8080 6917 4929 925 9918 5529 2779 670 175 8807 1401 4389 9846 4434 2824 1822 2880 5146 4889 4906 
36 5343 9191 4848 3199 1046 2527 2415 2809 5556 8344 7285 8720 4614 324 6207 2819 2579 7338 790 5854 3576 6666 158 5234 9730 9195 3932 5590 6140 5129 9877 162 8650 9221 5216 8043 
30 8564 2838 3557 3906 5287 2330 4470 3699 5080 4335 9519 6914 7436 2794 5665 7912 2072 241 2409 1150 3974 728 2339 1504 3476 6876 3931 9312 2469 724 
26 4066 2436 608 872 1442 2592 8430 3464 7950 2526 3355 7491 1425 834 3627 8008 3493 4871 8545 4999 8337 6095 5149 6738 9438 1707 
18 5091 8722 2692 4576 1656 1290 9932 4030 7653 2351 8801 4567 9783 7564 9442 660 9795 9802 
