28 6428 9284 3551 1186 3659 1558 7773 4703 5163 1326 6715 1647 5000 2019 1482 9588 449 3004 7027 342 2455 293 2336 7342 2505 2881 7194 6441 
30 8450 8948 854 9039 7232 4867 3272 2027 9231 5508 4844 1988 9311 4420 2151 1927 2485 1781 2754 7956 3617 3538 6355 2340 5538 77 9613 5317 2016 694 
27 2717 9688 4568 3519 3518 9115 970 1245 3803 6553 8588 4684 686 8666 9367 4761 254 9659 3885 6900 1356 7266 9108 1714 9679 7938 8816 
30 6975 5097 1704 3322 5148 949 3804 8897 6854 4413 5059 7082 6510 7792 4157 9196 2108 5287 481 1480 4513 7749 4537 8716 2285 1834 2712 5375 9782 7234 
30 156 6021 9635 6509 2914 2218 6710 4358 8812 7703 9420 5584 4582 55 6484 2010 4112 2111 8804 3414 5338 707 4755 5316 5599 4360 1428 9767 3038 1627 
30 45 2652 8406 49 5751 2767 238 1487 7227 3777 4929 3797 6449 5974 3568 4317 7124 4438 6039 7083 3017 1355 8342 7139 9886 717 940 1270 3872 7908 
31 9475 3198 1196 4769 3268 4629 1612 5228 8911 8004 7291 4153 1214 5691 5015 533 9616 7700 5174 6938 9195 5807 4816 897 9508 2063 4138 5593 1540 8167 7010 
28 701 9136 1746 6475 6459 7482 9540 3170 1121 6268 2928 7560 7712 1452 9931 4934 3319 1702 3788 1569 7034 8962 8542 7396 4947 9444 9838 3952 
29 7849 8299 3765 8431 1499 3391 4082 5348 1322 3905 230 9035 6999 7990 2235 9902 8578 9513 1910 19 3935 622 1841 3459 9148 3168 120 1551 5453 
27 5254 7179 8952 7552 3295 2401 4948 2232 2846 8330 6145 5024 777 3942 9421 2226 7932 2333 6307 7051 1388 114 1479 6920 9765 7362 1864 
28 6430 816 1807 6889 2343 3049 9055 209 9059 4264 8617 9332 115 6176 3446 5943 9276 4645 1743 3077 4154 5452 3910 2667 8516 6881 2493 2406 
29 5832 3704 1285 6092 1024 678 5201 7960 9149 1259 7727 4515 3879 5962 4855 8175 8720 307 774 6937 8071 520 5589 4993 344 8376 9438 2901 7502 
28 1566 7566 1556 1520 1178 6481 6622 3854 4589 789 9562 4375 8435 8842 1706 9564 7994 9509 4086 7325 3093 9331 2796 6408 6153 4699 9847 6906 
30 6198 1817 2874 4896 2253 8549 1095 8737 8793 9308 413 7122 4565 3488 680 3063 7757 2798 595 3031 3732 6984 4536 8427 7376 6577 9778 145 6264 4275 
29 820 1143 8227 8624 4152 8726 9272 3745 7078 7419 4774 292 1952 1507 713 3939 2047 3162 761 1334 9373 9176 932 6086 5261 7156 937 6639 7215 
29 2139 2765 4543 7394 3462 3164 7259 7359 5760 2415 4679 4544 6098 2686 2761 9877 9011 3113 3408 8198 9807 8021 3864 9819 6324 1316 3207 5257 98 
29 1134 3860 3878 9646 6150 8693 2569 7777 2470 2001 1545 5192 3631 1044 6129 2342 733 5958 7425 1087 3964 5363 8326 8811 2962 9947 6029 8132 3642 
30 7678 5160 6720 6664 5534 6922 1760 6299 6361 3037 1193 5429 7195 2397 799 2171 8882 9197 2341 588 5799 9230 668 137 8838 6260 2862 4384 9018 1508 
31 4467 6891 6154 5069 4239 6748 7625 6794 1592 5639 4831 8655 886 997 237 1829 838 7069 101 9426 7433 8795 7786 5715 7101 2250 634 7930 8986 1106 7947 
28 4182 8504 5476 2570 3744 9874 3573 3821 3532 5035 1548 8734 9370 58 9359 3677 3650 3253 7447 1075 2605 2190 5709 6769 8803 3451 4512 3808 
33 4611 5673 9417 417 3866 6113 785 6500 8454 7592 5821 1269 5533 9007 8938 5330 7859 6134 2708 6009 8587 8444 2742 6243 9449 8104 9686 3214 6360 9904 7123 2134 5723 
29 6507 2156 8657 3302 4046 8714 9537 3326 8292 5434 5603 4720 1695 6192 178 3401 2757 9021 5357 3973 4233 6109 8633 3998 581 103 371 1212 9600 
28 2234 8372 1893 6623 9806 5724 7203 8609 5390 2947 7522 1444 8956 9118 4598 7053 9297 2660 2726 4778 6880 3572 7714 8515 1227 7246 1522 3048 
28 2870 4634 182 9227 1278 2966 9165 8968 1149 5369 4792 4732 8691 2404 6433 8051 3928 2118 1748 1357 4484 3483 3081 6828 8880 1255 3540 411 
29 2995 2823 23 7475 6474 4126 7086 9585 4452 9798 5407 203 4127 4823 4599 4617 6426 6166 3047 8414 355 7398 1078 1372 2109 5582 3959 8317 8887 
26 3155 7539 6595 1410 3907 220 9184 1821 2832 9548 6862 7007 9845 2845 7779 6758 9156 7283 9028 3862 699 7618 9143 2716 3901 7820 
28 8044 3181 1021 7969 5244 8651 320 8553 9994 6824 1435 8437 1126 3806 4851 2060 9323 4493 7943 8098 9834 1274 9608 6631 2422 8682 1928 9192 
29 5482 482 7096 5898 5171 2137 2391 8463 6300 4483 4204 4168 223 2589 8601 4424 379 6850 3824 7127 2871 9715 8308 2618 3710 9113 7934 6647 63 
28 9151 7006 3972 9930 6563 5307 630 3427 3215 2558 8889 7958 9833 9448 1830 1736 4118 3539 5164 8030 1646 372 9032 2718 5548 9573 6898 4361 
28 3216 4805 4751 9019 4186 8575 704 402 8649 4306 7875 7935 4376 1406 7491 2278 9999 2229 1806 2127 6031 3626 6981 2927 1629 9580 5991 1289 
27 8103 5955 3258 6655 1422 7485 5693 6128 1485 4289 878 4028 3134 9736 1063 7795 8758 5150 9901 3097 2102 8772 4287 5466 9916 5897 8799 
28 6261 2563 5608 2604 2963 2841 738 8093 3647 4931 4163 3548 5441 909 3220 4258 4149 4738 2022 4285 317 2284 8363 6059 3652 6524 4419 7326 
29 835 8246 1956 5997 3702 6520 9494 2242 2797 7142 4641 7816 6954 4215 1308 6462 494 5573 8259 1084 1432 3990 349 7052 4459 2448 1891 9109 8694 
28 3060 3025 5966 8949 3177 3186 4069 5396 6163 734 8677 310 4930 643 1894 1536 297 4085 9017 3394 4939 9479 942 3369 196 1071 7537 2504 
28 5266 2163 5041 5345 1175 1515 792 3997 4185 4588 5687 3402 1915 8512 9381 3344 3837 5389 5927 6132 7057 6342 2883 6688 6002 7214 9188 9802 
30 8078 5837 5889 8717 5598 605 5706 3001 4642 356 9363 9654 8665 4180 4128 5519 8975 3109 7879 4670 8301 8354 8202 2483 9766 4973 556 6955 4712 7414 
29 3353 2091 4797 7331 2860 6421 6816 9571 8322 7651 7036 1799 9628 2463 8149 6692 5737 9674 9528 7479 5271 9048 4462 7486 9020 9788 166 4881 2681 
28 207 4796 3027 3278 6278 3881 956 7338 2281 4520 3603 6693 2900 8015 1137 4727 7438 538 9920 9386 7302 4342 3424 262 3796 5859 8768 7364 
30 9601 8364 656 429 2141 1293 6616 6369 6470 8042 1290 6191 1618 1144 9455 9729 2130 583 842 2460 1394 945 3561 6489 2896 1287 5937 7435 9697 9481 
30 7674 5325 534 8969 2384 5005 6255 6551 2908 1836 4500 6185 521 9116 6780 729 3963 3961 7437 2128 72 5469 2196 3309 2553 6907 9579 769 4585 85 
31 8786 2698 9820 6935 6620 6681 1794 5863 4950 1882 8486 8988 4945 5818 1933 3449 4813 2006 5924 7218 4812 1884 5283 8430 4848 2072 3111 7164 2544 5635 9914 
26 7782 9718 4507 5310 5713 1229 7866 5878 2955 9526 2020 3705 6772 9430 2714 4043 7285 5047 6913 4242 8188 8203 3936 396 5002 2678 
28 3873 7511 9747 3201 4249 2236 1198 9107 437 3508 1564 2913 3241 2413 5104 6565 4164 1941 3142 5421 9298 9259 3542 7868 7788 4561 7004 9827 
26 8980 811 3501 5696 8910 2375 6215 4562 7450 2760 933 2080 6291 8787 388 756 1684 9711 4528 1529 18 3219 7705 4274 2814 7899 
27 9670 8085 1734 2205 4151 1575 1854 8478 266 6697 1045 5834 7682 3271 6539 4555 2886 7373 3140 8357 3977 6053 2691 427 6397 4502 8351 
29 9053 1387 3937 6928 434 4983 5683 7054 2489 5278 7784 7091 9780 2685 2675 7363 9050 8773 6110 6199 7211 7293 7687 6 5795 8195 7965 2157 7264 
30 1826 688 5771 4214 3811 4018 5525 8756 4550 4079 2083 5592 8552 2121 4578 5786 2979 8401 9624 2625 97 1343 4744 1989 9661 6761 2105 8743 1503 4789 
27 2758 3827 3772 3987 9076 8663 930 6652 7202 4647 4687 2389 6735 337 2125 3535 440 8459 2172 2461 7169 6239 7306 6916 5491 3868 1993 
30 4891 2648 2785 3643 5128 5968 9777 8006 7915 2161 7401 2735 7355 3356 1147 8883 6846 9794 649 7040 508 6549 4626 29 9433 4721 7770 2385 2467 3554 
27 1813 1539 5209 3855 2013 5210 7891 1167 8728 83 9677 6115 5782 7146 3458 9427 7808 1565 4441 1561 5892 5518 3838 7125 5398 4940 4875 
30 5876 9054 7395 1818 2135 5 851 3182 3770 5293 4262 7000 3147 1929 539 8490 3616 7546 4557 1625 6193 1775 8998 9364 4108 2533 8061 9383 2957 6413 
28 3766 9692 9257 8919 7323 1123 6304 760 926 8723 5397 2474 6085 8509 5606 3211 1469 1654 8156 9965 4102 8287 1527 4584 6921 8941 3529 1921 
26 3636 3452 8080 3476 1465 6242 2298 2021 5935 6412 4443 140 7388 965 5827 5205 6958 6043 1090 3230 7600 7717 1981 2848 2349 6730 
29 3187 7794 2241 7309 7481 627 2279 3741 6764 2318 2646 9368 5998 9250 6208 3674 7626 7210 7964 5625 3206 3823 5300 7524 8002 9244 578 3444 4901 
31 3709 9443 9460 5815 9612 9980 740 572 6744 685 1132 5749 7466 4689 3464 4633 8926 3641 8425 6417 2997 5563 6536 8010 828 8606 8247 2779 9687 9841 2436 
31 1959 8724 6001 4238 9459 9129 7603 9856 365 6874 4521 6344 5597 8562 7370 2354 1170 7102 6106 3884 6792 9401 4225 2159 3469 1718 6833 5032 2807 7270 4678 
28 3448 1204 7235 3640 4436 7769 1639 3203 6562 3320 4533 5352 3622 6406 1771 6837 618 2488 2941 1400 6373 5250 8179 455 5549 9723 6974 2480 
28 5014 3179 7695 2469 7367 4636 8834 9461 4229 1431 3506 9821 5259 7077 7431 3662 5688 7510 1733 1284 9206 2987 3351 1958 8658 8585 3829 8636 
28 2584 7313 1896 4503 3914 8936 6379 7464 4454 1007 8055 6287 3290 9287 4925 1413 7159 7881 7079 2598 3296 3053 783 6499 3196 8596 696 6017 
30 2822 1660 552 1860 6374 3283 7910 7489 9415 9339 5068 9815 9703 7949 9824 2982 5594 3359 9174 6734 5288 2958 8738 2545 7505 3354 1486 8270 8819 124 
28 1711 405 288 8204 6016 9989 7768 8876 6015 1419 300 609 3269 3747 1887 2379 1190 2898 6067 8521 3578 5665 7154 860 3083 561 5227 7207 
28 2922 2766 1531 40 9073 8277 7572 541 8518 6515 4782 4873 5108 1873 920 6223 9776 8016 3000 1987 6370 821 9221 4646 1939 7261 2431 9255 
31 2921 3075 7574 5564 1772 8237 4252 8285 9975 4194 6256 648 798 3360 8094 628 1451 8713 6204 1 3371 6682 2073 6903 4319 8747 3988 3653 1672 9873 6090 
28 7277 9157 1842 5472 5483 6073 4694 9485 8581 468 332 2651 2897 249 2546 1713 6306 9998 2271 46 4198 2579 186 818 4702 1615 7474 1099 
30 8346 8568 7183 3350 4910 5726 8798 2613 8182 4292 3286 9497 7846 3393 3477 4109 7206 247 6232 1649 2816 1381 9167 374 7119 41 3697 3957 4364 6491 
28 526 7606 3460 667 9627 221 5916 6212 7046 7062 3315 8899 7150 6375 5443 3605 2043 5884 8171 6691 3933 4569 5624 3510 2537 1655 2634 2107 
27 5959 6956 6600 4650 2145 357 408 3090 1306 1304 5781 3515 4547 6684 8378 6998 9209 5331 9597 748 4283 316 442 7791 8792 7854 2894 
28 389 2996 3361 61 9956 5258 6822 5351 3858 2403 1020 360 6552 1650 5808 8621 7126 3418 8321 8300 8856 9843 5221 857 2976 891 5844 7533 
30 9106 5645 9117 4099 7116 9097 5022 0 1725 3340 168 9857 7785 4132 4098 1392 7778 8319 1336 4911 2827 5165 7862 8622 6838 2054 2616 7926 2956 4964 
28 2038 2830 7946 1407 8613 1659 3537 7526 141 4785 1688 6460 2878 8384 1856 8908 1673 4103 3737 246 7547 8467 351 6248 3940 5734 8062 5392 
31 6812 4349 446 2940 432 4009 813 1340 5253 290 7472 8623 3434 4379 6601 8109 6743 2387 5239 8313 8379 5267 3189 1362 8763 3493 2510 8060 8298 7315 6479 
28 1579 6152 9251 4219 837 232 1160 6312 4864 8215 9993 5852 710 7702 4230 4656 6724 1058 122 1438 3725 8853 2884 7094 1820 8744 2804 9212 
29 6440 1377 9942 4803 1398 5416 8711 6036 9362 9314 1671 1349 4101 1698 7025 559 5746 6403 7181 2723 9005 3809 7454 2729 1790 7508 7731 7764 2296 
31 1179 9742 6683 9492 5387 5585 3733 5522 6866 6750 1980 6914 2643 1262 8864 1453 9400 9469 9647 7003 5034 7874 1200 2438 7658 2282 3098 192 3226 6842 2661 
29 5634 7175 498 3682 4476 9915 6990 5053 2071 2028 384 1319 8686 1936 2220 5095 1173 887 759 3550 2750 1814 2199 3713 1957 3993 9463 2594 496 
29 6570 5703 4794 1140 961 6000 4887 6167 106 5802 3850 3194 5768 8248 8886 7831 4488 2462 7829 4572 9566 1008 7274 8252 6569 7923 4981 953 2528 
29 9392 9890 8468 89 4480 931 1133 4597 435 8848 9436 4997 2891 7237 5909 5804 6323 803 7189 5468 8340 765 9680 8648 7453 8979 8953 2850 8753 
29 3922 7639 8903 1756 979 3667 2136 8914 5183 790 2763 9964 6581 430 6399 2464 3287 8029 478 1803 8930 9684 9691 4979 2261 6181 501 5021 7187 
28 577 3169 5938 460 2168 3318 8532 5105 5277 3166 1309 4344 2833 4943 4340 9140 5098 8054 5630 797 9374 1546 3527 6136 5256 6776 6952 3143 
29 9191 601 6796 5881 1325 9625 8257 9898 8458 2802 6648 3834 412 5230 2225 4538 4310 3088 2974 7255 3689 9602 814 2844 4619 3664 4791 9607 470 
29 5371 4469 8983 8400 2037 3009 1236 7467 420 7709 4504 3416 2811 3441 3888 802 8867 6494 424 8525 6608 3861 5981 9291 8736 2834 9615 7608 5269 
28 8858 2847 3051 659 6283 3411 8293 7513 3192 5838 3835 8214 6814 9278 989 3495 4955 1611 8113 3789 7198 3591 607 1347 8218 2031 2936 8385 
28 187 750 6610 8566 3331 504 8791 4953 5822 8794 1754 6763 6829 2617 66 9387 2087 9611 495 3793 3673 6579 4733 7289 6932 9358 9860 4347 
28 1408 1191 1067 7351 4716 8991 5580 2738 9990 7745 4124 5279 6849 428 831 6611 2364 2447 5498 2045 9009 315 3154 5702 9642 4698 7885 7460 
28 3883 5535 9568 5461 2147 7408 9238 2674 2542 2286 3986 1585 8661 1642 4551 318 4051 3046 3263 2641 2356 2856 4510 652 3311 8037 9995 1637 
28 2368 9440 5934 1700 8584 899 1904 8349 1120 5238 7275 778 9365 1905 7033 8999 2327 444 7783 4554 767 5025 7897 2328 3014 5729 1313 8805 
29 8172 7382 4060 6699 7890 1562 4302 5587 6559 4110 1852 1158 2857 5913 7104 153 2326 2564 4847 7732 8822 6700 3593 4624 7523 4936 2737 3062 5561 
29 9058 4661 2583 1066 8273 8697 2439 3871 7111 6708 9976 7811 9466 5367 9959 3896 1383 1495 2173 2662 2676 5143 8157 6661 1995 5527 3120 2556 7260 
30 4974 553 276 4824 338 5883 2673 4273 9848 7390 9835 4401 2825 9158 3377 9707 8129 6621 2492 8671 5111 9541 8508 2025 856 1393 448 8774 2007 4329 
28 8598 8644 1364 1014 2614 2049 6452 9565 8251 1427 1233 8808 1163 5438 6749 4276 1221 4610 4070 4604 7780 4013 2824 9069 7991 7951 2985 6055 
30 586 6257 3833 3333 9984 9273 3275 4486 499 5168 5028 753 5488 3136 157 1070 7515 183 1156 3754 6087 3052 433 6467 7197 3706 79 3668 3826 4978 
28 9435 4433 5185 7707 5436 5682 9406 6547 9658 2654 5175 6238 7340 7809 7099 4280 2593 7273 1720 9083 8048 1699 7490 5402 1975 3962 119 6088 
28 6599 8315 7222 8851 9811 3455 610 5759 9660 2595 3863 3490 3284 8963 2615 984 5730 335 1213 1252 2787 6080 2392 6076 3547 2067 8240 233 
27 4119 7205 314 4169 5349 1758 5867 8577 1759 2722 4898 9089 3127 1621 7167 938 6768 8571 4806 5321 1019 8690 2721 9698 4998 9015 6787 
29 5835 862 7380 3932 7416 7180 9467 1174 9554 3481 4856 4657 5405 8989 5664 512 8295 6884 7563 2490 6934 7954 1481 632 8845 1967 5845 362 3767 
26 2182 8386 3560 7528 515 3917 8022 2562 7670 5064 3131 9068 5135 234 1840 8843 6739 7041 2361 2210 6899 1470 1705 8928 9724 6207 
29 2734 7760 8432 9787 9669 919 3847 4231 9437 7629 3144 7925 2178 5905 1761 2671 6451 7737 6343 8868 3365 1528 1208 6281 3045 6783 3958 1665 1635 
28 3016 7613 8934 2876 9454 4104 1542 1433 8627 4334 7039 1172 3926 8436 6706 7758 1117 5495 2596 6381 155 8888 8647 4369 415 3345 7654 7368 
28 2150 1415 9361 1976 6445 7723 5796 6395 2289 8477 8499 6672 6434 3246 6716 3853 9169 8041 268 3485 3736 8275 1311 8672 5231 2143 6390 1177 
27 4935 9589 128 2396 5860 8933 9380 9006 1749 3392 4696 7549 5994 7265 9214 1195 5038 2259 7098 1478 9013 8739 5560 516 6435 6732 2980 
30 9738 8404 7787 6231 4710 4286 5126 3348 1127 6872 8213 5404 5890 6665 3944 9453 9852 2945 812 9730 6949 1065 9574 8126 2978 978 9542 7002 7805 5666 
28 3387 1573 9584 9732 653 5714 6112 4385 7835 5412 5018 2877 4602 8422 3978 5539 1224 3880 9911 5094 469 5792 808 2990 1361 7843 7294 8465 
26 8725 7545 7402 3698 2239 9549 4221 7356 565 4833 8159 8455 8390 9002 9252 2216 9709 8056 5641 1513 9849 983 2211 2907 8092 1185 
30 3183 7256 3856 3383 2244 9120 9462 3033 93 1802 9153 1643 54 6456 3849 6060 5716 9325 6396 1578 992 3282 2773 6774 2405 8695 4580 5774 2879 2388 
27 4115 9031 3579 8829 6313 4530 6703 9936 7163 4900 9973 1000 5803 9464 8341 2283 8667 5640 1823 9656 5544 4000 4270 6366 6041 451 7568 
30 5604 804 5049 4808 7230 3992 397 2868 2409 4545 2175 9889 1092 9728 3314 9792 8762 9598 381 7578 4686 401 757 4613 9181 4631 1765 2911 8548 1596 
27 3491 6791 3533 3316 5109 4697 4307 1735 3158 615 5420 4612 603 5800 4148 1977 1033 7168 7821 9086 6583 6431 7746 378 3474 4339 7348 
31 3039 3145 839 702 4006 6351 7144 4096 5353 9880 4247 9376 2924 9092 5847 3502 2114 669 2889 3068 7628 8496 7819 708 3257 8685 1626 4517 8487 824 2155 
26 4764 9850 7421 2042 1267 7679 9803 7369 4630 5045 8862 123 1870 4829 623 2484 6443 1164 6107 206 1497 2751 7730 4762 7424 9837 
28 681 8698 5245 6871 9397 1681 1689 3480 2601 5133 3925 67 3094 3700 751 369 4693 8900 4399 1296 5743 1570 6659 9253 2170 5609 8945 5644 
27 8995 2297 9441 5942 4607 8418 7412 3439 8687 1693 7536 7525 2495 6941 2759 917 8497 1502 7963 8452 3750 3577 7595 8935 8731 8784 6625 
30 9861 159 2152 8118 1964 6677 5478 5138 8256 9289 1118 2725 872 1320 8639 1458 4883 2695 5651 4357 5754 3413 5243 8393 2257 9476 6988 7801 2620 2783 
30 9371 27 7871 5112 7985 6123 606 2744 4044 2183 1899 4456 1544 7298 48 4756 3890 3419 6527 1729 4007 3523 6517 9977 4450 1119 65 6161 6650 849 
28 7883 476 1751 16 3139 9773 3114 7840 9808 5879 4130 7766 8752 1853 1114 1169 2792 8304 9801 7971 6047 6801 6799 4884 4820 3931 2456 9204 
28 7138 1938 4757 6117 9150 4639 9407 3420 2039 5490 9917 8967 9739 7623 5477 1057 471 1338 4719 4429 7444 9146 4155 121 6901 8024 4832 6135 
28 1434 8546 7569 7458 4455 7980 8569 8263 2707 9919 4591 116 4343 7953 95 8221 6400 8495 2208 3342 7565 6679 1061 1682 4412 6271 7655 7577 
27 660 1271 1816 6234 8063 4250 1138 4015 5772 4457 8877 3191 3839 2984 245 4549 8196 6853 7550 8091 3221 9450 5764 1543 1601 5178 9958 
27 4071 1691 6482 3762 9937 7087 3151 5084 6795 8894 5963 5497 9160 914 9122 4033 6050 8563 7067 5414 9722 5225 2812 8712 390 6626 4690 
31 9141 5326 5334 7638 540 9428 2677 5637 5376 9338 8912 6138 7423 7443 6143 844 1664 2951 2663 6695 5444 3999 8181 2377 1318 5342 8241 8165 8574 3188 1445 
27 327 3562 9166 6493 6177 7728 173 8000 9178 5350 2647 7459 8925 3175 3437 9264 3552 5123 8997 8457 3924 7905 8770 2275 7789 6149 8314 
28 719 2414 5503 5545 4529 8937 8494 2536 9853 7455 6263 5501 2355 4583 305 6380 3814 6760 6957 7535 1663 7389 5575 3450 8068 6513 8715 3748 
27 6781 9360 7397 3694 1429 1430 2258 6359 841 1083 4062 4882 2998 9279 3461 492 955 8269 4886 7627 5995 9945 7354 6717 8776 1473 7555 
30 3425 1130 8977 4717 5456 9721 319 9533 8036 6572 392 7906 2044 2743 3889 9681 999 5810 9345 179 4206 6825 1506 7048 2885 9863 5161 9968 1791 4916 
30 1577 7704 6640 8625 4386 3292 489 1151 689 8603 9375 8047 5661 6728 7290 3096 274 9507 6905 9928 5853 6870 7269 1953 7480 5009 5536 6762 4354 9163 
28 8424 8669 330 2169 2395 7149 2762 6978 6296 7473 3273 9651 6063 7344 7271 7155 1240 5986 7403 1251 1018 9198 8112 4381 1634 6755 7841 2630 
30 3190 3171 2557 8049 8751 4001 1547 9622 3195 8874 8013 4019 2539 3368 1401 6904 9409 302 6939 6020 9663 885 8922 1869 1576 9710 4600 5489 946 8909 
29 4189 6897 4773 9632 779 1795 2053 5433 3558 943 3774 1215 4658 6486 3061 1598 5199 5672 4439 7446 8557 8127 4790 4664 5344 9293 6737 6942 9478 
29 4172 4107 1468 5965 3763 3898 6485 7375 2450 9619 2843 1011 7009 394 4161 604 6924 5399 3433 5602 4932 5922 6241 4150 105 4291 9398 6542 7917 
32 2635 2863 994 5653 874 4050 3266 1677 9745 9986 3130 5055 452 76 9490 6253 2424 2015 8200 3805 7064 3690 827 5339 2162 7128 6251 8981 8501 5481 4111 7162 
27 3516 436 8073 8833 215 682 2748 5739 2989 3364 8294 8605 9844 6741 4421 8087 7217 9480 9521 1755 366 9539 7583 5196 1385 3008 6173 
30 9189 9887 7439 5516 1448 3332 5925 9350 4938 6276 5514 8222 9618 3585 2970 7196 263 1973 2420 3337 2081 139 2669 10 8555 9517 8416 7174 6587 7722 
29 7653 7229 8366 928 1745 4573 7952 9961 674 3185 5523 5578 1389 7157 5833 7088 4146 9295 3276 8817 3969 5933 1129 4783 8043 1115 1369 9918 531 
27 78 1846 3575 7516 9268 15 216 9795 9327 3078 1002 5395 9081 1494 5356 9893 7143 3248 3566 8059 2074 9620 9713 7107 9505 869 969 
26 4904 5383 8740 5127 6410 2801 964 7748 8316 5382 9979 6213 1188 8560 8283 8972 1346 1523 6589 8600 4075 3066 7332 47 2380 6865 
30 3117 3240 1424 9470 1100 4123 7637 3079 6615 204 1668 3035 3955 4835 3893 922 2369 9876 4700 9587 599 9432 1234 7827 8632 754 1279 6637 8978 5470 
29 8141 4049 2803 1779 4415 2633 167 6244 7316 9733 8511 8191 3635 8007 7493 958 3971 6326 6120 6777 2543 4849 5358 25 8533 6654 5618 265 9932 
28 7318 9340 626 271 1809 9139 8526 7347 6919 974 6609 3407 1371 3011 3609 3672 4106 1845 807 4928 458 7818 5765 1375 6356 5678 8583 1778 
28 9014 7781 328 2693 3950 8820 8954 7299 4524 1603 1248 9173 2935 6018 1223 4167 5627 6965 5750 4731 3497 5753 5184 3727 731 7319 8180 6148 
30 2417 5008 336 7026 6995 9391 2918 4734 6328 6084 8628 8943 9057 3798 3317 9060 7556 775 1351 7848 6127 7640 959 1687 3224 5812 480 4058 8470 6065 
29 3440 4581 5324 9522 5668 1025 6618 9456 3520 1477 3813 5329 9179 6114 1963 367 1828 5154 6058 8703 2628 770 2374 1878 517 7856 5789 5410 6172 
30 493 94 6879 8356 2506 4156 6746 4828 2266 5861 4888 8245 8832 5830 3730 1968 3684 14 2411 9706 4301 1476 7391 9879 7799 9074 8081 2999 870 9558 
28 4052 6980 6046 676 2339 1996 5296 5975 7743 4941 5699 865 7509 7586 2741 1050 7292 500 8208 3787 6158 6926 5719 7647 882 5372 2968 3876 
28 6056 4574 7251 8547 7790 9831 9546 3934 2179 6097 532 4914 9434 382 7184 514 5003 8367 1850 7599 5449 8388 5686 2214 1943 8011 5361 5211 
27 9168 8607 9200 9933 1197 5797 2096 190 5074 373 3606 9222 2632 2869 3301 2419 8684 2650 9105 9840 4449 2732 399 6867 6823 2810 6091 
29 1048 8383 5903 9352 9382 5020 8178 6286 3465 111 9760 5083 3121 2724 4723 8095 4232 8133 840 9473 165 3115 1658 195 1237 4682 3138 4254 6164 
29 6933 9446 2890 6155 8053 8884 3703 1917 2142 6584 1872 1622 1867 7838 1261 6228 7172 3869 2899 3089 2831 2934 5381 2197 9112 3274 2123 1851 1651 
31 3592 4501 1040 9891 1080 9719 6519 8488 5887 5704 7614 6574 5169 9906 6182 7035 8732 4623 5252 1710 7582 1026 2471 4324 5140 809 2498 8750 6371 9431 5107 
29 2603 8039 5952 7979 9128 1390 7668 2782 8718 6473 6847 8089 8558 7740 5504 9712 6653 222 507 7208 742 4216 723 1183 5629 2094 4380 8771 8964 
29 7937 3247 4765 3921 3844 571 7286 8012 5850 927 4446 991 5480 9372 6811 5379 3897 7622 4596 8827 967 9234 4968 50 3352 8100 8484 8402 2791 
29 152 1925 4994 2715 3306 5829 1588 236 3040 5274 4370 7955 6171 9871 5579 5839 5842 2206 4780 8199 260 4029 3165 9201 6943 8660 3758 2585 5987 
29 5046 8590 5511 9804 3150 3536 6292 456 1944 6162 7330 5304 5347 986 6892 9326 6119 650 9922 6247 7669 5824 7512 4705 3661 5809 6028 8187 6279 
27 691 1595 9940 1505 1985 4495 308 9495 3887 3398 3484 1747 8826 947 4819 9046 4389 3245 4725 6118 8474 1500 4105 4995 8228 3381 9556 
26 7324 523 5740 5116 8701 2057 4566 3018 313 1708 8335 9233 1146 4277 7200 505 4868 8138 8397 3624 2160 9953 8846 7726 4556 447 
27 7576 8730 4944 9052 1210 589 9864 6538 4577 1226 1709 1244 7005 3941 8597 6851 4470 4860 6571 151 5872 5445 197 7281 5215 5621 2719 
28 7245 1125 8492 7191 5940 3118 2642 8873 9267 3545 7753 2148 1056 1774 9609 4027 6628 8429 4405 154 6196 1110 5016 1947 172 8105 1350 8629 
26 42 5613 5917 2252 6718 7488 6437 1411 6277 1104 636 3303 7112 4414 3574 2070 6967 1379 3749 284 3947 6335 7521 8959 1345 2494 
29 8033 306 3288 1437 8586 9175 2085 1787 1238 5556 9451 3648 7484 4383 228 7884 8338 2287 5487 6045 4499 9102 7092 5011 8940 1812 4695 4268 7471 
30 5057 4303 5528 2599 1554 2126 8417 1784 8517 9531 9260 70 4988 2276 3321 4448 9232 1613 9070 9511 3475 2180 1843 2655 7360 5615 6503 2516 1484 6596 
28 3875 90 8166 5115 2930 9302 5506 3724 5012 4431 7928 7429 345 4288 5577 1511 3231 5463 1757 7 8382 5019 4039 1449 3734 2789 7066 9941 
30 9180 9764 4766 6635 6030 8445 2519 8320 6295 1081 8602 7939 5766 1321 2903 4368 8223 3073 4482 1624 8086 6081 9318 7220 9277 2567 1288 1150 1954 9138 
30 3831 3756 3911 144 3410 5086 8500 2313 7755 9442 5793 1168 4316 9280 6345 99 3512 5493 1741 875 6383 6642 3676 8706 3141 2478 9023 3030 8307 9895 
28 570 3496 810 1614 1961 3443 9235 4341 1301 715 6997 1948 2645 2739 2581 5187 2910 3773 6346 5004 2503 735 9924 7807 4735 6404 8268 5690 
30 1574 280 5984 9685 5855 2555 7381 1344 7927 1310 3794 2986 529 3695 7919 9355 5531 6288 4451 6064 6803 5607 1501 5657 5946 7463 575 6883 3472 6511 
30 8709 9826 7358 8745 1421 5066 6049 3644 6218 9854 1207 4921 7830 2790 861 7012 8688 1918 7353 7428 4879 488 8101 8905 4468 3729 616 321 2668 4659 
29 9413 9814 5583 3005 6516 7865 1770 9324 431 2931 353 322 8345 4748 5202 4839 2312 3325 7333 7646 5788 9649 9514 5337 6415 1022 2481 6179 1199 
29 6190 9104 8778 4200 9027 91 8646 425 7661 8260 644 5200 143 7058 96 193 3085 5841 3372 4668 7137 217 5341 7228 1815 497 2059 6061 3634 
29 6423 2351 2855 2012 60 6876 4858 5157 9186 6740 2243 881 6813 5854 3983 9668 6078 5755 8866 9016 8473 1703 9306 6593 4320 1509 4954 1211 977 
29 8220 7855 8177 6416 6382 5658 2101 6105 150 3802 6472 9720 5292 1097 6945 6483 5695 633 6962 5980 4987 4854 4558 1586 6782 5936 1015 6157 4821 
28 2600 8183 2365 8464 9816 6966 8970 2334 2064 1971 4497 2946 6612 3034 7615 5394 303 100 2580 4491 136 9399 7461 714 9900 2487 8412 9982 
29 3153 6671 8286 9286 2358 8957 679 2853 5757 2009 4178 2116 5894 3759 9763 6100 6350 6807 2299 7350 9269 3032 5319 7520 2104 2819 6798 1638 1397 
28 1999 3782 6778 1560 4784 3238 3783 3625 2477 7580 2909 2943 8976 3095 1029 2032 2034 8519 3432 3621 913 5762 5190 8818 787 3173 1739 3436 
28 175 1824 1365 7894 9621 9629 147 7393 3500 1680 560 9187 3771 6006 9344 4113 6104 1732 6863 3967 6923 8951 752 3946 12 3985 5365 7417 
29 3590 4246 8134 968 5999 5949 2359 2771 4444 2320 8153 8769 9458 8279 3692 9098 8336 6759 2272 454 6662 6101 3586 4593 2311 4895 7371 5877 5320 
28 6229 9213 8870 3781 3367 8266 8201 9648 4575 576 5366 4564 1128 5427 8871 5662 5242 8420 4894 7797 6834 6592 4265 737 5711 4224 6947 4014 
28 1785 1568 9366 5237 5566 1644 3267 690 4672 4174 2373 8347 1303 6908 9024 3400 8757 5655 9294 8704 8102 7967 2427 5173 6929 9071 4707 6405 
29 6392 3235 6888 4535 2353 171 6826 6994 9084 2280 4047 741 8722 3132 2348 8982 5001 1623 7093 4649 4253 9313 6465 9342 8343 4437 7470 2386 7492 
27 9822 9561 68 2003 3557 53 6859 9393 6630 1683 84 3454 5219 2560 8780 8996 7823 4742 7826 7226 7140 1731 1786 5633 3840 8443 8392 
28 6603 698 227 8052 2747 1994 5323 901 2538 1516 9575 4266 2390 1879 5067 4072 2245 1216 763 7571 3358 6273 9878 2093 6068 2099 5473 5885 
29 6042 1833 3128 4937 9836 4005 4903 7872 5862 9270 1423 199 9855 8426 3894 1052 7564 386 2270 3945 3792 9062 6455 661 8810 9535 7861 5284 2254 
28 6197 2550 2954 5632 5117 8421 1750 5177 22 6675 3637 4021 5869 7973 1636 8288 9551 7357 1180 7420 7263 2865 6887 4337 9041 5667 5042 7887 
29 8854 8502 612 5077 9785 9515 1257 1093 6643 6389 1549 7664 3546 2948 2033 231 2077 3213 4094 1955 9088 410 3002 1997 8779 6447 3074 7153 2451 
28 1717 4662 8415 7219 7867 4677 1412 117 720 1676 995 8189 6082 2428 264 7499 414 2246 1582 2366 8719 6909 2926 6818 2828 9869 3059 5517 
27 7148 2496 5886 4957 8530 768 3019 8920 8840 7462 1724 2705 5817 7557 5565 5295 2133 6839 2515 1324 142 5305 3687 641 8891 5953 6301 
27 9488 846 9951 3264 3764 9963 7065 5176 2176 2260 8144 1490 1721 6398 5646 5643 1073 8331 176 1384 1982 9813 3909 9586 2670 8631 3082 
28 5777 6578 598 7579 4628 4730 1222 177 8483 4489 9087 7377 4430 4218 6156 9570 645 613 3615 3600 7530 4426 9022 9759 3906 9731 2561 4539 
30 4466 6543 2554 3044 3620 4408 1203 2331 8274 8593 1526 2826 1280 6757 6365 8498 1403 285 5636 8705 6605 1072 9503 1108 4905 426 24 1559 1235 3399 
29 4753 766 5462 4 5574 5318 1865 36 5425 391 6707 8801 2977 5048 5732 9312 5741 4261 6788 9578 5663 7452 4267 1374 9865 2514 4890 825 5208 
29 5500 7030 6819 9636 5705 4093 5742 8005 4527 5322 9812 9051 5451 7696 7844 8610 3409 6940 536 9867 3666 5893 8136 6560 8032 4479 587 9645 5273 
27 4078 4474 2263 9190 555 6057 9044 3069 7409 3825 1742 3584 125 1409 3370 2972 6689 7762 3397 3294 3498 6797 8637 5586 8070 7178 2084 
29 8946 9662 8170 6970 3953 1239 5499 2337 980 9126 8668 4440 92 9672 7233 7013 1047 8702 9626 7070 944 269 1086 9978 7970 9422 1136 7747 647 
29 4768 4260 726 191 4442 6444 208 2608 800 7105 7305 1589 600 4371 2372 1391 834 3007 3012 4920 8635 5234 7074 4367 9001 4827 6498 9882 4576 
29 2772 2381 9957 5721 8875 8193 8046 7605 8249 1555 5297 8296 1935 4919 5072 815 7514 3790 8674 4333 7913 9631 8088 485 2203 2572 3072 966 9343 
28 5465 7343 5529 3259 9907 8594 8442 9182 8469 472 7032 3020 1176 7043 8348 8373 1225 8082 2112 5871 6290 9903 1580 7413 8305 1678 655 3517 
29 9049 8394 9131 3126 3380 6985 7117 9240 5843 9690 6586 7554 259 5820 7587 2193 6376 3293 8973 8524 6259 9305 2597 4366 4666 1263 3349 7806 7652 
29 2849 6227 6214 4068 3064 3291 289 3479 9172 7993 400 1189 5647 2255 7404 3778 8135 5648 2181 8291 7634 2880 6852 9948 2491 9208 3092 936 7775 
29 7080 6982 5492 1037 8327 5251 7022 4350 1730 135 3743 1908 5428 8142 5718 5505 8837 248 2473 348 5979 1979 267 8243 1728 2776 4257 9403 7641 
32 7833 9246 3119 6890 4311 3050 1283 7239 6205 4348 7097 9771 1825 3975 6809 2056 8796 4373 7673 6725 5708 1844 8785 3087 2529 8433 4959 251 9828 3467 6680 5065 
28 602 8152 34 1926 5460 4314 6267 8506 1679 3608 2656 7589 4045 475 1496 4492 4648 9726 3466 1159 7451 6858 8823 2627 5650 6442 3857 5738 
28 2440 5147 5195 6363 9640 4053 3300 2574 2983 3086 6210 1069 3795 1744 2800 6895 7888 9262 5060 9783 1992 6886 3655 1538 2866 9991 8539 2217 
29 3249 2086 8399 8003 5263 7147 6766 5857 8673 4193 4396 8391 9664 3819 6457 4669 4240 9717 7141 5179 579 8014 3374 2376 2398 8559 7900 6269 1773 
29 4523 8184 548 9304 7109 4227 7327 996 5312 5100 6357 1329 4100 8115 5720 1068 9810 211 2026 5920 1945 2575 3688 9065 8117 4872 8353 5851 6216 
28 2223 5524 7494 8781 7020 3 4718 6411 9078 8398 4272 9593 1524 8482 3054 169 6146 7570 4372 776 8069 5814 5785 1112 3208 3663 3366 5240 
30 2209 4494 7448 3312 8324 879 5229 164 2158 7468 9634 9970 7824 8844 3923 8140 9283 7898 7365 2029 591 6529 9275 4427 8302 651 8077 7729 5551 2611 
29 6130 5030 4057 26 817 9263 7842 9599 484 261 4241 4435 5791 8352 8137 9547 2888 6334 5272 9875 3915 6071 4971 2566 2383 3015 9894 3279 2565 
27 7643 5388 7031 2512 2573 2752 5542 43 3429 110 7209 6590 8721 6174 5426 1456 9471 4924 3761 7193 8485 1454 253 3328 9866 5681 9784 
28 138 7918 5914 3373 2036 7361 8264 4640 2061 594 9412 2548 567 6298 7692 4845 3895 2806 1903 1901 9265 6089 8965 4042 6013 7089 4540 9510 
29 2446 8579 5846 3260 7279 375 5744 513 5315 3675 1694 2120 7312 5265 210 1488 1088 9671 326 829 5626 4563 4210 1017 1594 8164 287 1653 9154 
27 1572 596 8710 2 1597 5360 9394 2679 465 3228 7873 5611 805 1142 6698 4843 5628 6195 4770 6372 5145 614 6103 4020 6667 2925 537 
29 1808 7297 8143 8885 2578 8250 132 6686 2322 550 833 9247 8659 858 8255 1517 5026 716 4498 463 7160 8361 8229 4209 1874 8110 5280 4965 2367 
31 9581 8653 6151 5669 3396 3623 6322 8924 6817 8441 9870 9093 5413 1460 8337 4601 4918 1866 5076 3820 744 9676 2696 9357 5437 1811 9353 9030 3589 2809 4915 
28 6340 8896 554 7636 780 4933 9147 4313 7296 739 6711 5951 2412 2408 6721 9256 7044 1571 6466 4202 5335 1902 1628 4741 5985 7968 9786 4871 
30 2586 8961 5475 6463 2304 82 2992 4298 7880 4004 3683 2055 1395 5281 6187 7258 3786 5982 7500 9567 4595 853 4234 9605 3447 4490 9347 1697 2587 3227 
31 9111 9248 9743 6032 404 7430 2710 3103 1707 1620 5070 3431 8861 3543 8814 9552 982 4750 3376 6487 2602 279 658 9775 9486 6289 7713 3717 5918 1184 8096 
30 7662 9498 5197 3903 9899 1969 1131 3528 2247 1810 6606 5036 8755 5063 918 3753 9483 6353 7103 4826 104 7254 7594 459 5996 1762 5471 788 2267 519 
27 9888 8121 7329 2755 6912 8727 2687 2961 1317 21 1402 1459 6337 7882 5479 4893 5415 3916 9319 7250 9623 149 8994 8895 1027 7996 592 
28 7320 2198 910 1590 8234 5144 6566 4487 7680 8466 8008 7941 4546 57 3657 3576 3602 7635 2665 6568 7657 1447 1716 1266 1010 2075 2952 2338 
29 934 9038 9756 5553 5910 4393 8958 2794 194 4691 8369 7432 6352 863 5191 6226 7676 4299 4861 3395 5684 8531 4362 7972 9576 806 951 845 9770 
29 5588 7642 4170 5129 7442 7177 5671 7944 3604 6236 871 8258 6183 5411 3382 3108 8860 9419 2321 8230 3738 2240 5932 4999 9025 4840 3522 4956 9700 
29 3123 6597 6959 3867 5333 5945 2429 7751 3711 7304 3379 7771 8507 6951 2534 9177 6545 3927 1645 370 9171 4308 7892 732 2095 5276 4353 1738 1911 
29 9543 9992 4802 7295 304 5901 8365 3904 7597 3336 7706 5689 8020 6836 4351 6786 5484 7813 8271 6035 2277 1514 2117 6911 4746 9563 5507 4526 5486 
28 7633 7708 6864 8699 9708 8913 4395 8642 2457 7131 642 2066 9694 3026 4676 6953 9405 3822 8161 9271 7085 9859 4908 547 2345 3468 4771 7527 
30 2265 6687 2777 896 1241 6125 9504 4621 2680 5900 7942 3553 2720 3629 7739 7018 6530 3043 5131 3255 3357 8280 4651 7440 3588 2749 467 7921 4063 6051 
28 7851 773 9913 6168 9967 4309 134 74 7374 7328 4284 4985 2500 1358 2527 3499 1013 2700 6314 4982 8748 4176 2177 181 9064 7966 224 722 
27 6950 8440 7042 9735 1016 7870 9183 5748 5071 7243 8907 2852 2576 1171 5622 7236 8116 4133 7685 4041 5992 880 6293 1305 7677 7631 8932 
29 3423 1831 2069 2472 9520 6027 6099 1420 409 5023 6033 7983 403 5073 9935 5378 56 8480 9162 272 921 506 7619 640 7411 796 1323 9410 9307 
30 5260 8090 2090 2524 3735 1855 2221 5670 2435 1839 1792 9842 5309 2923 3415 5027 7853 1886 5464 6964 7506 6645 4620 312 1685 4571 6012 8640 1367 9577 
28 102 1492 8027 6983 2352 5224 7028 8460 6567 3791 2808 4428 3251 7276 1054 4970 6877 2684 7624 4711 7904 8079 9335 7457 7106 7817 2213 75 
30 9988 9288 8678 108 3172 663 8966 9955 5303 1354 2919 5659 6918 2610 9303 1314 7656 8276 2174 9337 8662 6401 9402 4485 1686 6201 5950 2371 4097 582 
30 7584 8339 8297 6961 462 7721 7349 4251 7483 5976 3742 1889 527 4425 2082 6450 214 4129 5825 244 6525 7920 8065 6751 2393 621 491 3202 1315 973 
27 7995 1060 4318 5826 1217 4795 1302 8476 8131 9839 5770 5080 568 4335 5040 6387 8608 1510 5264 6723 1633 6011 6532 1464 4586 4418 6627 
29 8097 1942 2000 7982 2479 443 2295 2644 7240 5343 363 4243 3310 189 2666 5971 5642 9596 2453 9237 7945 146 6501 3438 1378 5907 9987 7903 7774 
27 3815 3503 7648 4976 35 9315 1888 2937 4559 161 1880 7701 5075 6540 6726 7733 2929 9896 1940 1984 3980 4296 6040 4411 2088 1727 3870 
28 5455 7132 188 9042 6102 721 1373 7441 9954 6690 7776 5442 1489 6272 6418 2872 8707 4404 1426 5494 4445 8789 6317 566 7166 2268 6235 7049 
29 6096 3265 7984 5134 8261 4175 6731 3335 2950 2917 9885 2068 8815 3456 8334 2981 1783 830 3327 4618 4269 3338 9205 4907 8567 6305 4548 3918 8194 
30 295 3076 5756 665 2756 952 4304 5125 1525 2960 4726 8859 8448 6024 1914 4177 6930 5447 4541 3569 6896 3658 8344 1031 5408 7616 6495 2291 6038 6804 
28 9351 9194 528 6003 3524 8162 3755 2838 6419 9949 3212 4040 3298 5290 9389 1461 5978 4496 1640 4016 8580 5961 5649 3948 7100 5928 3159 1648 
29 6669 5939 4951 3618 7151 3851 7538 9310 4325 7135 3494 8824 5118 8066 6696 5758 6714 9653 3852 3751 6034 7017 4036 8802 7121 3041 2441 2829 511 
27 4967 2191 6245 9699 7798 1220 6464 4137 4145 1692 5509 1182 832 2165 5727 7909 8310 8186 9239 9137 6108 9950 3842 6308 3816 3305 9404 
30 5798 6319 8565 850 5226 6767 7016 7201 2499 3912 6329 4140 2325 6025 1467 5972 2185 6111 3204 2690 6394 6219 7303 9193 2964 6745 5285 7772 283 4188 
26 1386 4632 479 2430 7667 941 3830 9851 8123 3110 8350 7989 6915 3723 2475 2727 325 5931 9125 3874 2588 2302 3157 7741 4516 7886 
29 5454 9925 2713 416 3951 3671 393 4472 7660 5403 5964 564 4423 639 5409 2697 5236 4842 8869 5745 3223 2443 8985 4008 7738 3308 3956 3555 6422 
28 6613 5801 3681 1822 9974 2106 3486 8377 358 1256 9127 5106 331 3807 5220 6448 5485 8461 9534 5572 5929 9245 2875 1443 4608 5870 3645 6806 
29 4114 5130 6461 2228 3954 3610 6658 2531 3984 902 3784 9921 7334 5828 4090 1726 9830 7889 4609 9701 672 6297 1041 6986 5359 7152 2902 1946 6202 
28 4077 5967 7120 6910 6005 7176 4514 9753 9491 2788 5384 2547 1630 4992 5122 5540 4737 7129 5733 6469 3597 9610 7998 9633 453 2306 3106 7559 
29 8849 9740 1330 4279 1737 2873 7691 1194 2624 1218 7071 8813 4825 4294 6414 3102 3013 905 2639 6285 364 6254 441 1518 4026 3101 1399 212 9604 
28 4960 4922 6265 3919 5151 5051 9909 6409 848 3313 9983 8231 1046 4332 903 2231 1950 5043 6140 5620 3691 9101 5819 9934 5849 2969 6843 1766 
30 7427 1038 8017 9224 4144 2024 3225 9395 7317 1602 4579 6318 5249 5874 4011 6624 2631 4244 241 2344 4663 5089 5088 8902 9524 6660 4913 5374 4708 1793 
28 9159 1752 8125 6250 4966 6211 2346 7379 252 4736 2078 1723 9300 339 1094 6362 8614 4752 3714 6004 890 6840 7666 1209 127 7008 1001 5638 
26 4065 8835 2836 7724 3707 8108 4722 9939 7045 7336 6582 510 6137 6591 6220 4838 4453 5605 201 242 6548 3084 8219 3355 6496 4605 
27 3042 5467 1924 9219 7845 9329 7896 8645 8904 620 6705 3982 1796 782 7310 7750 5957 3244 1116 2222 4810 2905 8955 7280 9474 8589 3570 
29 1587 3832 2442 5675 7084 684 2920 3556 383 1219 8944 2100 6454 5162 2967 9595 9630 5631 3776 1970 28 7736 296 2454 5864 7090 1105 2781 1298 
27 2851 1359 7496 7449 906 309 3722 883 1777 3176 2513 1557 6378 3065 8124 4614 6512 8643 5087 9938 8411 5380 3237 1937 4352 9650 7063 
29 2820 3210 5555 3324 3612 8615 81 5446 5911 893 4460 7213 4295 3199 1145 8942 2753 8226 3594 772 4863 1534 3133 8160 8174 7386 8225 2249 3107 
28 3511 3929 5213 350 4622 4587 2154 5424 1012 7693 2552 5311 359 1972 2893 7681 8028 5989 1471 3029 9114 7902 6209 4927 5569 2041 950 3021 
32 7759 3581 4878 2418 1417 2815 4181 8410 1368 4880 1370 7415 3280 7068 5332 877 1552 1819 9040 8847 2319 7573 3217 1077 9210 6771 9881 8306 6159 1916 6663 5255 
29 1109 5336 4996 2195 7383 7974 184 1657 6160 5856 7352 7076 2262 1483 9800 5956 2740 884 1656 6604 8212 8863 8449 8556 4531 5685 9971 4685 697 
27 8544 6488 4088 5247 7575 1441 5079 243 5700 5314 822 9249 6701 6670 2315 4406 7476 4786 4330 1157 5328 5085 3841 3239 6052 5216 6246 
33 333 5552 4949 3701 2399 1608 3757 2138 1342 8154 8289 1986 7387 4002 6386 9261 1667 2324 1616 1906 7023 4853 9142 6122 3526 1328 4255 44 4811 1801 6217 5836 3595 
27 395 8543 3099 9772 7158 9223 6971 5502 6188 4281 5291 6719 3003 6072 3129 5806 5385 9518 4972 4220 9472 876 8192 9962 4346 1875 3386 
30 2098 724 1062 4481 9606 4715 593 4788 1804 3243 1871 2835 3670 4952 225 1249 4139 2290 1584 7832 3976 7170 7182 11 5101 4877 8830 5698 4635 6014 
31 4398 9538 4807 1036 9966 9751 5783 1243 7541 5401 7671 7610 4519 5282 1091 1885 6147 5731 2407 3329 148 2932 1617 6420 2612 6077 4615 8244 5948 4963 5823 
28 5262 9037 4870 9385 1380 4627 3669 6738 8262 1074 7863 907 4074 6502 4477 4125 1632 3728 438 1332 8881 9536 2294 8058 2523 9152 8479 2507 
30 9832 9594 4989 3471 7864 7742 629 4942 5596 4465 4388 7847 2052 6585 3685 3828 5214 6170 5422 7684 9532 8570 5576 3627 5728 3930 9099 4683 7697 6121 
29 3660 957 7115 3679 1250 2166 8368 5010 5406 2892 5189 5096 8892 683 8901 7307 8139 2113 9749 1273 1463 4024 3022 8576 8522 6573 4674 6969 7907 
26 666 6425 563 8282 3323 6280 4975 4315 3654 3989 5440 39 954 2882 1832 3891 1286 657 9333 4403 8084 7604 3601 3161 5915 5674 
28 9714 3209 9695 8503 7650 9258 5166 6522 5496 4958 4857 9502 8855 8038 557 1535 2224 8158 5186 8303 6894 6144 9652 9572 1396 9748 8216 8696 
27 4616 4392 7694 7744 5520 9678 2301 9762 5510 6385 9482 7596 2004 6544 6742 3343 7248 5773 1006 6131 5172 5180 9124 8409 5543 6240 7021 
29 7590 3902 5241 544 8872 4248 6727 4387 8541 7268 5983 3563 6368 4713 585 1382 9560 5899 923 9429 6349 2621 4121 3478 7551 1333 5054 5930 4184 
27 8551 7487 736 2048 2768 4076 4116 7392 1032 8067 7645 3686 9185 4637 7385 5248 4706 8839 1335 5902 2784 5158 730 5092 2532 6546 2103 
29 1641 3775 7581 2350 5182 5058 80 7916 8040 8224 7108 4667 3981 4417 8550 7378 7803 4704 2988 9512 8405 4729 8929 1951 5459 3779 4552 7850 4625 
29 1141 9696 3991 477 5400 2775 466 2194 1532 5222 4728 2184 6388 2730 700 2821 6963 7975 2592 8825 2002 7301 4326 2559 6327 6311 3970 8265 4087 
28 5919 2607 1768 7244 1776 7607 2591 2433 1797 3262 7400 8616 109 213 1416 3639 226 7961 7710 6023 162 6316 1877 9805 624 9349 277 8311 
28 2805 4980 1339 7060 9754 4817 9121 8001 5570 8206 2522 1206 4179 2944 1719 4080 5590 3184 6827 5923 6095 1162 7252 4222 6169 2444 7718 3116 
29 2854 1466 4397 9202 7698 8540 4391 163 7598 3544 8493 5906 2502 2314 1418 2540 8168 7630 17 9085 4208 1859 6702 37 4196 617 6332 3285 9418 
28 6808 625 281 4917 2664 7185 7988 4724 9499 8122 7345 7056 7663 9996 6841 7912 1780 9144 3428 6458 8209 1912 2694 9582 3457 3719 9555 4300 
30 13 3720 4259 2858 7986 6844 5167 8741 4799 7038 6233 2011 5289 9769 7948 2251 131 1161 8119 8107 8800 4508 9225 5120 6339 5725 5787 1607 4767 3708 
29 5679 7901 7720 7014 9559 4834 6868 675 4478 6186 4363 7407 7531 8604 6471 1662 4902 3567 8034 7225 7366 1949 8408 1974 4407 3406 368 6810 2659 
29 9145 929 7793 8797 5298 6348 8281 9477 8828 2274 8150 8760 6651 4147 7612 6873 5270 7836 7585 646 1101 6641 3726 3994 4681 6784 2008 836 7540 
26 6424 377 457 7335 4777 4355 6676 4083 2511 8917 2040 2699 8775 8915 4120 4815 8217 3378 5061 4245 2317 9004 1181 9423 5050 3375 
28 8232 4671 1712 7384 4400 8766 8754 2774 9781 1883 7503 4290 4410 9217 9390 3067 5013 9465 7632 5676 8923 7224 6478 6222 6377 9094 3913 819 
30 4141 9727 6200 1139 273 6869 3242 6309 3341 9203 8573 2188 3435 4382 8650 3920 1606 9077 7410 6528 4781 728 1827 7073 113 6832 7858 9080 9161 5044 
29 2378 3492 9591 9755 291 5313 5912 6393 8641 1242 6531 9689 2780 9135 9334 9716 2466 6315 3261 9846 9000 1475 6848 7857 6022 7617 9452 4923 1990 
30 654 7337 2330 3385 2640 3845 1740 5188 6902 4117 1610 1082 4064 2887 7247 6026 7893 4207 2568 7231 1591 5891 6831 3070 6602 3800 843 2273 6598 3232 
26 4852 6668 6754 2293 2746 784 3541 1932 7931 323 3277 8931 2465 5761 2549 6607 461 6083 9516 5203 8075 1277 4798 6008 3633 3006 
27 3256 4236 9236 6275 5102 3091 9892 8389 8974 5547 3507 5417 6044 693 5546 9683 1581 2402 5362 7434 6636 7734 5275 1446 6722 9330 7936 
29 4506 1187 1247 5031 1049 4084 1276 8564 8423 8993 6860 5904 9029 8035 6508 8148 2187 2445 5393 5139 9519 8428 9657 5091 7477 7478 5970 503 6632 
29 1666 9445 8523 502 2965 1715 908 6341 5784 4025 597 6225 5701 71 2682 9299 611 4800 6249 3252 6468 6855 8451 7287 4416 9705 8272 9829 5988 
29 3363 5944 2813 2526 7519 7957 7719 9943 2525 9317 2097 8284 2076 2818 9411 9673 9525 2307 8947 9226 7686 2089 1005 9557 509 677 5712 8360 5707 
28 7136 1030 1805 1148 8950 873 473 9583 5301 9274 3330 6354 1085 4603 9091 6968 4570 5340 535 3965 786 7562 1669 889 2942 5432 9296 3531 
29 9997 4801 4066 6294 1442 5868 343 1898 1064 9737 8358 38 4136 4402 2817 3463 418 9553 6336 5977 7372 8676 3521 3995 6534 573 6266 3580 7341 
29 1769 2517 9868 2482 3582 9752 1042 8790 5875 9457 9220 7812 2030 301 6882 7860 4199 6438 6518 3596 608 6558 3509 3023 2778 20 574 7839 202 
31 8099 4447 6765 6936 6237 5654 1300 5218 8076 9425 4542 4293 1034 7321 5006 7763 2432 4054 2839 6505 864 3564 7145 7465 8742 1254 6704 5926 5736 7165 7649 
30 7426 6330 1035 5206 5895 2535 4192 8634 2745 794 987 8325 9910 2382 133 522 6321 2256 64 1931 6789 2458 9638 7055 3426 4961 5747 7837 9544 1363 
27 1753 551 5153 1059 7436 1521 3513 87 3565 3055 1405 4749 7114 8362 2658 255 8491 5458 9341 542 5873 5521 2248 6203 340 3403 1154 
30 1965 5557 2649 4217 9790 2167 9665 6446 3780 6523 2509 5327 5137 4081 1892 9290 112 5567 3125 1246 7095 6126 298 1583 1281 749 8916 4422 341 8618 
26 8267 6729 4458 6973 3347 6634 250 793 1307 7950 584 855 1498 4213 8759 9103 801 6555 867 6477 7987 88 8197 3057 8151 6537 
27 746 3104 5973 2459 2323 4030 1414 6747 8680 257 4223 2124 1962 6996 5114 8529 324 3222 5431 9746 4073 8456 4038 5386 7553 6830 8670 
28 6885 1599 8654 7689 2736 6504 1282 174 4889 1360 9110 6310 387 5450 8630 8990 5880 4534 2164 9946 8729 7933 5571 8554 7810 8918 8879 960 
27 7609 687 4327 8471 6554 33 6979 8700 7815 6927 8536 4511 664 2508 8242 1763 6476 9316 9614 7814 3200 7501 3135 859 2329 5513 7756 
29 962 6557 8927 1983 8438 2051 2701 2468 8111 3489 6230 6800 9862 5198 8807 30 9617 4525 1231 4023 5697 2035 4173 9301 2046 9134 2189 2786 2994 
31 4322 6770 5136 6258 5207 4655 5990 9356 8620 1253 3865 9067 1023 6178 5848 9207 4471 6075 3740 8023 8537 8 9493 7567 5286 8535 8018 6303 3218 764 4977 
27 7822 2795 450 9408 1631 7406 4377 530 4432 5530 9704 2416 6878 2683 361 3799 398 9530 6333 2347 7895 7602 1800 2706 637 3334 7690 
29 8595 5532 5113 9592 3442 9590 7061 7278 7405 8211 6989 7188 3124 1352 2939 3137 6977 8333 2227 9758 8312 2486 7659 6141 1474 2501 3404 518 3818 
28 1788 4390 6093 8890 9484 5610 8239 107 6550 8238 8318 7282 2316 4986 8254 6629 2292 8626 9644 5722 1155 9061 2953 3938 6972 2119 4256 9969 
26 1764 5941 2933 9095 9489 385 6274 670 3105 868 1003 7532 7130 1439 2110 2702 6875 935 9132 2619 8045 3614 1881 3024 4235 2497 
28 993 7216 5908 3746 5896 6221 1258 3715 7024 525 9500 9952 2842 1103 6048 9066 5419 7314 8692 4211 5364 3712 8788 6709 9320 2915 7978 5033 
28 9321 7047 4754 1205 1152 7621 3205 1299 3234 5474 8253 4869 7877 198 895 5268 7081 6124 4475 4991 7716 6194 9377 692 2709 3421 8387 9527 
28 6845 8128 8434 8120 1600 9322 1674 3587 6944 2689 1837 9793 6948 673 3514 8031 7221 4191 8984 4159 3843 5141 9569 2115 7542 4680 5029 7272 
29 7828 2202 7529 5377 7161 5680 73 2129 4134 8638 5142 8147 3058 9218 5306 2204 7075 6594 2309 1265 9693 8809 1202 8169 2638 3649 5526 2400 4037 
30 5831 8453 8207 9506 9079 8074 1604 590 1440 5439 4055 718 6976 709 3974 1504 6282 6802 5692 631 4142 5656 3739 6917 826 5294 2571 3289 7322 8009 
30 2452 9791 487 1863 5423 8681 6427 4809 4758 619 6069 9529 911 6993 5093 278 3599 904 912 6775 9897 9926 5710 4336 9082 9912 4518 9100 6656 9346 
28 9155 9447 5865 6925 5448 4567 4673 743 925 8652 3146 8939 3812 866 5373 6521 1848 1652 9985 3178 6116 7498 2065 4688 990 1327 1690 5193 
30 8057 7186 8026 2305 7543 7715 8375 1998 9725 4885 7190 4374 4892 1102 8761 9666 5790 2425 8921 3549 4464 6165 7469 1331 4505 6325 8987 7029 4897 1868 
27 8407 5595 5537 4560 9096 1076 2770 888 3304 2799 2426 2520 1847 5346 9292 6180 1789 9266 6685 7940 160 5776 5515 6506 4793 1268 7796 
28 1111 4830 5149 7752 5612 3680 9229 380 8783 3908 7284 7059 6206 2657 7725 1122 2692 4010 1291 5194 725 7339 8836 9034 1404 8582 1991 9768 
27 9328 2793 5156 7976 1264 4278 5170 8235 3785 7257 8413 2017 4160 7924 635 1341 7133 6270 8064 1107 4409 5017 4984 31 1550 6561 2288 
30 4760 1425 2005 8841 9033 1923 8050 2238 7869 6037 6820 8857 9228 8446 1553 2837 86 7834 5554 1201 1696 9744 4912 6541 1337 7711 2308 9003 3530 6576 
29 9282 275 7173 1675 1890 706 5368 185 4874 4263 8309 3892 6674 781 7346 7199 6644 1537 4035 2362 8735 9603 2437 894 5110 3979 8619 5562 4331 
29 9215 3632 3656 4909 6790 7992 795 703 4089 6535 1089 6856 2153 6646 4226 3470 4740 4305 976 9396 1605 8163 5155 3752 8146 3583 7852 2530 900 
29 3236 8472 3630 2971 9123 6657 5435 5457 2207 9254 4665 7267 9216 7118 9796 7558 2653 3193 4056 2449 6070 2476 8852 2360 3943 240 4643 3080 2423 
30 4804 1312 915 1862 4926 3716 1055 662 200 8025 2590 5694 9043 8329 9424 4378 6302 8155 5246 4837 7507 727 423 9063 9523 8708 9045 8374 2215 7134 
26 5354 1348 1192 422 9761 3731 745 5512 5568 2867 258 8332 3646 5299 8764 3960 3473 5616 8612 9682 5558 3559 892 7804 8514 3810 
30 445 3505 4067 6407 1907 3836 3949 8328 4190 3254 1096 4990 1919 9414 5581 2237 3250 9734 354 524 5099 1722 3307 9036 2991 6490 4197 6320 6133 6588 
28 2993 3628 8850 130 229 791 1004 3430 5355 9056 6252 9309 2973 1530 6432 4522 762 1366 5103 3768 118 2363 9637 218 7050 4592 6564 7534 
29 3233 4338 3339 3417 6753 2622 975 6793 1897 4095 972 3817 6367 7242 4779 9823 7999 4787 847 562 3270 2421 2079 5660 4271 5430 5780 7593 3071 
27 7914 474 4122 9797 6284 7249 8381 939 3882 5763 4032 3174 7308 9008 3525 8370 6946 7495 4876 8173 543 5039 7644 8782 4590 5779 7911 
30 9858 6497 1113 2140 2906 4165 6262 1009 4745 8528 1039 546 3453 6429 9010 3152 7212 6617 6526 2192 8656 329 2764 963 3163 4297 6673 4714 6480 6614 
26 2711 3534 1051 6556 4323 9133 5969 51 6893 9072 7001 3028 2300 1272 5081 4143 6736 4606 8806 6733 1297 4850 8749 6358 4461 9643 
29 5954 2146 4701 1670 1835 2186 8439 8992 7800 7561 4003 9818 1493 1436 7288 4776 4814 1858 755 9641 4899 7497 5735 4012 8527 486 852 3769 419 
28 2672 8545 7015 3149 1053 9241 6007 7675 1028 4638 1166 8145 7620 1135 2949 6861 9981 490 8419 8767 4675 3613 7977 7683 4228 3197 5591 2623 
27 4473 2864 9075 7253 6815 4553 3297 1541 1895 4158 7037 6224 7072 580 7171 1876 8210 5816 4359 3900 346 712 464 5813 8893 7997 9354 
27 5062 3482 1909 4034 1462 5052 2410 5090 5119 8878 1920 8371 32 5752 8190 8960 985 9779 7241 4203 6391 3699 1930 2938 6074 4775 6835 
28 8019 9960 6931 8481 170 421 4739 5619 311 5769 6364 9090 6773 2606 1661 270 2219 2975 4187 4846 9639 9369 898 7601 7192 9927 6633 4594 
27 2636 9243 7011 9884 3036 2018 3281 1767 9883 7761 2050 8611 6010 4862 3389 6492 4321 3056 347 4022 9972 3996 8520 5805 6184 5418 4131 
31 558 8447 6992 1275 5181 8072 2840 3619 5302 5146 6666 9281 2122 334 1701 1838 7238 9757 1376 4162 7262 7959 7548 9550 695 3112 7544 9774 8290 7399 7688 
30 1472 352 1491 69 3696 1913 2609 3651 5159 3388 4822 9908 4212 2859 9501 9923 6453 5037 180 705 8403 2861 5888 7204 9905 235 7223 6094 126 4644 
28 671 6785 8513 8906 1260 1165 1593 4692 3100 1519 4201 5550 8591 5993 8489 758 6079 1450 5078 5866 6066 9348 5677 2731 4841 9388 5204 4171 
28 9872 286 6857 3598 9384 158 971 9439 4017 3487 9545 8821 2014 8675 6439 9119 2200 5212 1619 7504 1922 1232 8323 7517 205 6821 4135 4747 
28 9211 2335 7929 7699 2201 9825 8831 9675 2132 5601 8505 4906 7300 7962 4312 6991 5056 4865 483 7825 6514 7311 9789 948 5882 3148 6960 711 
29 7735 8205 8592 8733 2212 62 7878 2310 219 3362 7672 9750 2092 9 1353 4434 4059 9487 1563 2023 3966 1455 7445 5232 3859 4532 2895 5007 7456 
28 5370 4166 5794 9416 2144 3346 8679 2541 6331 1849 7802 3846 8538 3010 6338 3886 7591 8233 1043 6019 1153 823 3848 5391 3607 282 8898 6575 
30 3877 2332 6402 9702 5308 8462 2637 4048 1609 8689 7767 545 1934 8185 5152 998 1567 4509 4654 6054 6987 4709 8359 6694 7754 6713 439 1295 4345 3504 
28 7418 8561 3665 4660 9378 5082 2058 7110 7981 4031 569 5811 239 406 3801 5652 5541 4836 4653 1230 8664 9468 6619 2264 3760 5960 7422 2149 
29 6638 6347 2916 1124 3122 8865 8572 2728 3678 2230 1861 2370 4092 3390 2704 5775 6384 5614 6678 9944 2733 7113 4463 8510 2626 5559 8236 3422 2518 
27 3384 256 6756 294 4183 4394 6436 5235 3229 4818 9809 924 7588 5947 8355 407 299 2521 5778 5623 9379 1900 9170 1798 2357 1533 8395 
28 3611 6062 7611 2769 3405 6580 771 4205 2303 5121 9012 8106 2577 2551 3180 9047 3571 5617 3638 8380 6805 1782 1857 8777 7518 2959 4866 9799 
29 5233 9336 4091 9130 4195 2912 6779 4969 5223 3156 4652 1228 3721 5600 4743 5767 1457 8599 6649 3718 9026 4772 1966 2434 2269 2703 4237 5717 8114 
26 4759 8971 7922 9817 2394 8746 4356 2233 7765 2629 5124 916 1294 6175 4328 4946 9929 549 2688 4859 5217 1978 9285 2904 4962 2582 
29 3968 3693 747 8083 8765 9242 4282 3299 3167 59 1292 9655 5840 5132 8475 981 52 8396 2131 3445 5858 988 9496 7019 4061 638 1079 6142 5921 
27 3160 1512 3899 8130 3412 8176 6752 1098 7876 2062 1960 8278 376 4365 8534 6712 4763 9199 129 7665 6139 9667 6533 9164 6189 8683 9741 
