3 167 277 98 
3 54 29 292 
4 168 166 81 77 
3 216 244 242 
3 108 284 250 
3 65 32 16 
3 180 28 51 
3 87 217 115 
3 34 174 264 
3 275 128 205 
3 41 40 31 
3 116 185 104 
3 36 281 10 
3 234 96 255 
3 164 204 12 
3 184 102 289 
4 221 188 291 257 
3 33 214 106 
3 0 82 192 
4 99 230 45 208 
4 179 53 118 278 
3 80 157 43 
3 103 295 288 
3 296 64 67 
3 110 241 152 
3 212 122 265 
3 85 243 176 
3 249 68 126 
3 88 239 182 
3 72 202 55 
3 75 50 100 
3 8 172 238 
3 4 146 155 
3 7 222 78 
3 294 236 228 
3 159 170 17 
3 134 121 252 
3 162 111 279 
3 161 26 196 
3 148 3 71 
3 13 27 262 
3 203 86 141 
3 133 11 186 
3 127 271 135 
3 246 158 142 
3 62 207 30 
3 259 298 120 
3 286 14 223 
3 299 282 59 
3 210 258 66 
3 260 160 37 
3 276 61 256 
3 24 254 112 
3 95 253 297 
3 136 89 293 
3 92 268 145 
3 220 209 215 
3 58 163 231 
3 137 191 280 
3 227 73 1 
3 218 195 47 
3 193 177 143 
3 150 197 233 
3 107 109 154 
3 74 6 189 
3 105 22 97 
3 273 42 46 
3 144 114 272 
3 225 237 123 
3 18 283 173 
3 171 23 240 
3 56 117 251 
3 15 70 49 
3 290 90 270 
3 285 235 84 
3 125 76 94 
3 187 48 153 
3 60 93 178 
3 63 287 132 
3 19 101 247 
3 38 190 229 
3 261 147 69 
3 200 131 274 
3 263 140 194 
3 198 25 9 
3 57 83 52 
3 44 119 149 
2 245 201 
3 267 269 206 
2 79 181 
3 156 35 130 
3 129 5 2 
3 226 124 169 
3 21 248 175 
3 113 138 165 
3 224 20 183 
2 91 219 
3 39 199 151 
2 213 266 
3 232 139 211 
